cam3_2009_05_20_04_39\cam3_2009_05_20_04_39_20_687.jpg 
cam3_2009_05_20_04_39\cam3_2009_05_20_04_39_21_078.jpg 
cam3_2009_05_20_04_39\cam3_2009_05_20_04_39_21_484.jpg 
cam3_2009_05_20_04_39\cam3_2009_05_20_04_39_22_312.jpg 
cam3_2009_05_20_04_39\cam3_2009_05_20_04_39_22_718.jpg 
cam3_2009_05_20_04_39\cam3_2009_05_20_04_39_23_125.jpg 
cam3_2009_05_20_04_39\cam3_2009_05_20_04_39_23_515.jpg 
cam3_2009_05_20_04_39\cam3_2009_05_20_04_39_23_921.jpg 
cam3_2009_05_20_04_39\cam3_2009_05_20_04_39_24_312.jpg 
cam3_2009_05_20_04_39\cam3_2009_05_20_04_39_24_718.jpg 
cam3_2009_05_20_04_39\cam3_2009_05_20_04_39_25_125.jpg 
cam3_2009_05_20_04_39\cam3_2009_05_20_04_39_25_531.jpg 
cam3_2009_05_20_04_39\cam3_2009_05_20_04_39_25_921.jpg 
cam3_2009_05_20_04_39\cam3_2009_05_20_04_39_26_328.jpg 
cam3_2009_05_20_04_39\cam3_2009_05_20_04_39_26_734.jpg 
cam3_2009_05_20_04_39\cam3_2009_05_20_04_39_27_125.jpg [634 108 75 187] 
cam3_2009_05_20_04_39\cam3_2009_05_20_04_39_27_531.jpg [612 112 76 190] 
cam3_2009_05_20_04_39\cam3_2009_05_20_04_39_27_921.jpg [581 110 76 189] 
cam3_2009_05_20_04_39\cam3_2009_05_20_04_39_28_328.jpg [555 115 77 192] 
cam3_2009_05_20_04_39\cam3_2009_05_20_04_39_28_734.jpg [523 116 77 193] 
cam3_2009_05_20_04_39\cam3_2009_05_20_04_39_29_125.jpg [488 110 76 189] 
cam3_2009_05_20_04_39\cam3_2009_05_20_04_39_29_531.jpg [454 109 75 188] 
cam3_2009_05_20_04_39\cam3_2009_05_20_04_39_29_921.jpg [425 105 74 185] 
cam3_2009_05_20_04_39\cam3_2009_05_20_04_39_30_328.jpg [408 99 72 181] 
cam3_2009_05_20_04_39\cam3_2009_05_20_04_39_30_734.jpg [391 95 71 178] 
cam3_2009_05_20_04_39\cam3_2009_05_20_04_39_31_140.jpg [192 39 55 138] [371 90 70 175] [634 100 73 182] 
cam3_2009_05_20_04_39\cam3_2009_05_20_04_39_31_531.jpg [198 43 56 141] [368 94 71 177] [605 100 73 182] 
cam3_2009_05_20_04_39\cam3_2009_05_20_04_39_31_937.jpg [209 40 56 139] [376 95 71 178] [587 100 73 182] 
cam3_2009_05_20_04_39\cam3_2009_05_20_04_39_32_343.jpg [214 44 57 142] [372 96 72 179] [578 99 72 181] 
cam3_2009_05_20_04_39\cam3_2009_05_20_04_39_32_734.jpg [216 43 56 141] [356 95 71 178] [568 97 72 180] 
cam3_2009_05_20_04_39\cam3_2009_05_20_04_39_33_140.jpg [212 44 57 142] [344 94 71 177] [565 107 75 187] 
cam3_2009_05_20_04_39\cam3_2009_05_20_04_39_33_531.jpg [211 44 57 142] [254 44 57 142] [344 95 71 178] [571 108 75 187] 
cam3_2009_05_20_04_39\cam3_2009_05_20_04_39_33_937.jpg [211 43 56 141] [261 46 57 143] [353 97 72 180] [576 105 74 185] 
cam3_2009_05_20_04_39\cam3_2009_05_20_04_39_34_359.jpg [213 43 56 141] [253 35 54 135] [351 102 73 183] [585 108 75 187] 
cam3_2009_05_20_04_39\cam3_2009_05_20_04_39_34_750.jpg [211 44 57 142] [351 100 73 182] [577 109 75 188] 
cam3_2009_05_20_04_39\cam3_2009_05_20_04_39_35_156.jpg [213 42 56 140] [350 103 74 184] [557 114 77 192] 
cam3_2009_05_20_04_39\cam3_2009_05_20_04_39_35_562.jpg [213 42 56 140] [350 98 72 180] [532 117 78 194] 
cam3_2009_05_20_04_39\cam3_2009_05_20_04_39_35_953.jpg [213 43 56 141] [347 95 71 178] [501 110 76 189] 
cam3_2009_05_20_04_39\cam3_2009_05_20_04_39_36_359.jpg [216 44 57 142] [345 100 73 182] [474 113 76 191] 
cam3_2009_05_20_04_39\cam3_2009_05_20_04_39_36_765.jpg [213 41 56 140] [345 93 71 177] [455 119 78 195] 
cam3_2009_05_20_04_39\cam3_2009_05_20_04_39_37_156.jpg [213 42 56 140] [213 44 57 142] [356 96 72 179] [443 116 77 193] 
cam3_2009_05_20_04_39\cam3_2009_05_20_04_39_37_562.jpg [214 44 57 142] [373 98 72 180] [436 112 76 190] 
cam3_2009_05_20_04_39\cam3_2009_05_20_04_39_37_953.jpg [212 44 57 142] [380 95 71 178] [412 107 75 187] 
cam3_2009_05_20_04_39\cam3_2009_05_20_04_39_38_359.jpg [211 40 56 139] [367 103 74 184] [381 92 70 176] 
cam3_2009_05_20_04_39\cam3_2009_05_20_04_39_38_765.jpg [212 40 56 139] [336 97 72 180] [388 90 70 175] 
cam3_2009_05_20_04_39\cam3_2009_05_20_04_39_39_156.jpg [215 44 57 142] [310 87 69 172] [393 95 71 178] 
cam3_2009_05_20_04_39\cam3_2009_05_20_04_39_39_562.jpg [215 41 56 140] [268 80 67 167] [402 100 73 182] 
cam3_2009_05_20_04_39\cam3_2009_05_20_04_39_39_953.jpg [213 42 56 140] [236 78 66 166] [413 100 73 182] 
cam3_2009_05_20_04_39\cam3_2009_05_20_04_39_40_375.jpg [272 35 54 135] [198 68 64 159] [421 103 74 184] 
cam3_2009_05_20_04_39\cam3_2009_05_20_04_39_40_765.jpg [200 37 55 137] [269 40 56 139] [158 74 65 163] [444 104 74 185] 
cam3_2009_05_20_04_39\cam3_2009_05_20_04_39_41_171.jpg [264 45 57 142] [189 35 54 135] [109 79 67 167] [461 110 76 189] 
cam3_2009_05_20_04_39\cam3_2009_05_20_04_39_41_562.jpg [63 78 66 166] [264 34 54 135] [465 116 77 193] 
cam3_2009_05_20_04_39\cam3_2009_05_20_04_39_41_968.jpg [241 51 59 147] [18 83 68 170] [487 119 78 195] 
cam3_2009_05_20_04_39\cam3_2009_05_20_04_39_42_375.jpg [224 51 59 147] [-31 85 68 171] [505 118 78 195] 
cam3_2009_05_20_04_39\cam3_2009_05_20_04_39_42_765.jpg [208 55 60 150] [516 121 79 197] 
cam3_2009_05_20_04_39\cam3_2009_05_20_04_39_43_171.jpg [192 58 61 152] [536 121 79 197] 
cam3_2009_05_20_04_39\cam3_2009_05_20_04_39_43_578.jpg [181 60 61 153] [541 125 80 200] 
cam3_2009_05_20_04_39\cam3_2009_05_20_04_39_43_984.jpg [177 71 64 161] [206 39 55 138] [534 125 80 200] 
cam3_2009_05_20_04_39\cam3_2009_05_20_04_39_44_375.jpg [218 37 55 137] [190 71 64 161] [533 125 80 200] 
cam3_2009_05_20_04_39\cam3_2009_05_20_04_39_44_781.jpg [198 76 66 165] [534 125 80 200] 
cam3_2009_05_20_04_39\cam3_2009_05_20_04_39_45_171.jpg [219 85 68 171] [534 121 79 197] 
cam3_2009_05_20_04_39\cam3_2009_05_20_04_39_45_578.jpg [243 88 69 173] [528 125 80 200] 
cam3_2009_05_20_04_39\cam3_2009_05_20_04_39_45_984.jpg [274 93 71 177] [528 124 80 199] 
cam3_2009_05_20_04_39\cam3_2009_05_20_04_39_46_375.jpg [299 101 73 182] [526 123 79 198] 
cam3_2009_05_20_04_39\cam3_2009_05_20_04_39_46_781.jpg [331 102 73 183] [536 126 80 200] 
cam3_2009_05_20_04_39\cam3_2009_05_20_04_39_47_171.jpg [360 110 76 189] [529 129 81 202] 
cam3_2009_05_20_04_39\cam3_2009_05_20_04_39_47_578.jpg [391 114 77 192] [532 132 82 205] 
cam3_2009_05_20_04_39\cam3_2009_05_20_04_39_47_984.jpg [426 115 77 192] [528 134 82 206] 
cam3_2009_05_20_04_39\cam3_2009_05_20_04_39_48_375.jpg [458 124 80 199] [529 135 83 207] 
cam3_2009_05_20_04_39\cam3_2009_05_20_04_39_48_781.jpg [496 116 77 193] [533 130 81 203] 
cam3_2009_05_20_04_39\cam3_2009_05_20_04_39_49_187.jpg [527 130 81 203] [529 127 80 201] 
cam3_2009_05_20_04_39\cam3_2009_05_20_04_39_49_593.jpg [523 125 80 200] 
cam3_2009_05_20_04_39\cam3_2009_05_20_04_39_50_000.jpg [519 124 80 199] 
cam3_2009_05_20_04_39\cam3_2009_05_20_04_39_50_390.jpg [510 127 80 201] 
cam3_2009_05_20_04_39\cam3_2009_05_20_04_39_50_796.jpg [610 113 76 191] [220 46 57 143] [509 120 78 196] 
cam3_2009_05_20_04_39\cam3_2009_05_20_04_39_51_187.jpg [203 42 56 140] [517 118 78 195] [628 108 75 187] 
cam3_2009_05_20_04_39\cam3_2009_05_20_04_39_51_593.jpg [637 107 75 187] [539 115 77 192] [195 44 57 142] 
cam3_2009_05_20_04_39\cam3_2009_05_20_04_39_52_000.jpg [185 49 58 145] [547 117 78 194] 
cam3_2009_05_20_04_39\cam3_2009_05_20_04_39_52_406.jpg [653 108 75 187] [566 113 76 191] [175 53 59 148] 
cam3_2009_05_20_04_39\cam3_2009_05_20_04_39_52_796.jpg [186 59 61 152] [575 106 74 186] [655 85 68 171] 
cam3_2009_05_20_04_39\cam3_2009_05_20_04_39_53_203.jpg [562 108 75 187] [210 59 61 152] 
cam3_2009_05_20_04_39\cam3_2009_05_20_04_39_53_593.jpg [556 102 73 183] [225 65 63 157] 
cam3_2009_05_20_04_39\cam3_2009_05_20_04_39_54_000.jpg [248 67 63 158] [557 102 73 183] 
cam3_2009_05_20_04_39\cam3_2009_05_20_04_39_54_406.jpg [272 71 64 161] [557 97 72 180] 
cam3_2009_05_20_04_39\cam3_2009_05_20_04_39_54_796.jpg [291 74 65 163] [555 100 73 182] 
cam3_2009_05_20_04_39\cam3_2009_05_20_04_39_55_218.jpg [291 79 67 167] [557 103 74 184] 
cam3_2009_05_20_04_39\cam3_2009_05_20_04_39_55_609.jpg [292 76 66 165] [557 102 73 183] 
cam3_2009_05_20_04_39\cam3_2009_05_20_04_39_56_000.jpg [288 74 65 163] [560 105 74 185] 
cam3_2009_05_20_04_39\cam3_2009_05_20_04_39_56_406.jpg [281 73 65 162] [566 103 74 184] 
cam3_2009_05_20_04_39\cam3_2009_05_20_04_39_56_812.jpg [284 76 66 165] [563 97 72 180] 
cam3_2009_05_20_04_39\cam3_2009_05_20_04_39_57_203.jpg [288 76 66 165] [571 95 71 178] 
cam3_2009_05_20_04_39\cam3_2009_05_20_04_39_57_609.jpg [289 75 66 164] [586 102 73 183] 
cam3_2009_05_20_04_39\cam3_2009_05_20_04_39_58_015.jpg [287 74 65 163] [582 106 74 186] 
cam3_2009_05_20_04_39\cam3_2009_05_20_04_39_58_421.jpg [282 76 66 165] [568 106 74 186] 
cam3_2009_05_20_04_39\cam3_2009_05_20_04_39_58_812.jpg [285 74 65 163] [571 115 77 192] 
cam3_2009_05_20_04_39\cam3_2009_05_20_04_39_59_218.jpg [284 74 65 163] [569 120 78 196] 
cam3_2009_05_20_04_39\cam3_2009_05_20_04_39_59_609.jpg [283 64 62 156] [547 130 81 203] 
cam3_2009_05_20_04_40\cam3_2009_05_20_04_40_00_062.jpg [284 74 65 163] [543 128 81 202] 
cam3_2009_05_20_04_40\cam3_2009_05_20_04_40_00_453.jpg [282 73 65 162] [535 125 80 200] 
cam3_2009_05_20_04_40\cam3_2009_05_20_04_40_00_859.jpg [286 76 66 165] [526 125 80 200] 
cam3_2009_05_20_04_40\cam3_2009_05_20_04_40_01_281.jpg [285 76 66 165] [520 122 79 197] 
cam3_2009_05_20_04_40\cam3_2009_05_20_04_40_01_656.jpg [288 74 65 163] [526 121 79 197] 
cam3_2009_05_20_04_40\cam3_2009_05_20_04_40_02_062.jpg [286 77 66 165] [540 119 78 195] 
cam3_2009_05_20_04_40\cam3_2009_05_20_04_40_02_453.jpg [286 78 66 166] [530 119 78 195] 
cam3_2009_05_20_04_40\cam3_2009_05_20_04_40_02_859.jpg [287 76 66 165] [517 117 78 194] 
cam3_2009_05_20_04_40\cam3_2009_05_20_04_40_03_250.jpg [284 74 65 163] [523 121 79 197] 
cam3_2009_05_20_04_40\cam3_2009_05_20_04_40_03_656.jpg [282 75 66 164] [522 130 81 203] 
cam3_2009_05_20_04_40\cam3_2009_05_20_04_40_04_062.jpg [285 78 66 166] [521 134 82 206] 
cam3_2009_05_20_04_40\cam3_2009_05_20_04_40_04_468.jpg [286 71 64 161] [520 134 82 206] 
cam3_2009_05_20_04_40\cam3_2009_05_20_04_40_04_875.jpg [283 73 65 162] [529 136 83 207] 
cam3_2009_05_20_04_40\cam3_2009_05_20_04_40_05_265.jpg [281 70 64 160] [522 137 83 208] 
cam3_2009_05_20_04_40\cam3_2009_05_20_04_40_05_671.jpg [277 70 64 160] [519 135 83 207] 
cam3_2009_05_20_04_40\cam3_2009_05_20_04_40_06_078.jpg [286 74 65 163] [524 137 83 208] 
cam3_2009_05_20_04_40\cam3_2009_05_20_04_40_06_468.jpg [288 73 65 162] [518 136 83 207] 
cam3_2009_05_20_04_40\cam3_2009_05_20_04_40_06_875.jpg [285 71 64 161] [514 133 82 205] 
cam3_2009_05_20_04_40\cam3_2009_05_20_04_40_07_265.jpg [283 73 65 162] [513 129 81 202] 
cam3_2009_05_20_04_40\cam3_2009_05_20_04_40_07_687.jpg [293 76 66 165] [525 136 83 207] 
cam3_2009_05_20_04_40\cam3_2009_05_20_04_40_08_093.jpg [292 76 66 165] [512 130 81 203] 
cam3_2009_05_20_04_40\cam3_2009_05_20_04_40_08_484.jpg [303 64 62 156] [514 135 83 207] 
cam3_2009_05_20_04_40\cam3_2009_05_20_04_40_08_890.jpg [317 64 62 156] [489 121 79 197] 
cam3_2009_05_20_04_40\cam3_2009_05_20_04_40_09_281.jpg [330 64 62 156] [475 119 78 195] 
cam3_2009_05_20_04_40\cam3_2009_05_20_04_40_09_687.jpg [338 59 61 152] [458 112 76 190] 
cam3_2009_05_20_04_40\cam3_2009_05_20_04_40_10_093.jpg [341 54 60 149] [429 101 73 182] 
cam3_2009_05_20_04_40\cam3_2009_05_20_04_40_10_500.jpg [648 109 75 188] [431 93 71 177] [354 56 60 150] 
cam3_2009_05_20_04_40\cam3_2009_05_20_04_40_10_890.jpg [362 47 58 144] [438 91 70 175] [626 113 76 191] 
cam3_2009_05_20_04_40\cam3_2009_05_20_04_40_11_281.jpg [378 42 56 140] [455 78 66 166] [604 113 76 191] 
cam3_2009_05_20_04_40\cam3_2009_05_20_04_40_11_687.jpg [399 44 57 142] [479 74 65 163] [577 115 77 192] 
cam3_2009_05_20_04_40\cam3_2009_05_20_04_40_12_093.jpg [410 41 56 140] [502 78 66 166] [566 128 81 202] 
cam3_2009_05_20_04_40\cam3_2009_05_20_04_40_12_484.jpg [423 44 57 142] [520 74 65 163] [556 130 81 203] 
cam3_2009_05_20_04_40\cam3_2009_05_20_04_40_12_890.jpg [428 46 57 143] [540 79 67 167] [546 136 83 207] 
cam3_2009_05_20_04_40\cam3_2009_05_20_04_40_13_281.jpg [433 44 57 142] [539 74 65 163] [545 141 84 211] 
cam3_2009_05_20_04_40\cam3_2009_05_20_04_40_13_703.jpg [435 47 58 144] [529 63 62 155] [539 140 84 210] 
cam3_2009_05_20_04_40\cam3_2009_05_20_04_40_14_093.jpg [428 48 58 145] [517 64 62 156] [528 146 86 215] 
cam3_2009_05_20_04_40\cam3_2009_05_20_04_40_14_500.jpg [436 48 58 145] [514 69 64 160] [517 143 85 212] 
cam3_2009_05_20_04_40\cam3_2009_05_20_04_40_14_890.jpg [434 50 58 146] [512 68 64 159] [513 136 83 207] 
cam3_2009_05_20_04_40\cam3_2009_05_20_04_40_15_296.jpg [437 56 60 150] [525 64 62 156] [514 129 81 202] 
cam3_2009_05_20_04_40\cam3_2009_05_20_04_40_15_703.jpg [424 47 58 144] [538 71 64 161] [543 124 80 199] 
cam3_2009_05_20_04_40\cam3_2009_05_20_04_40_16_093.jpg [414 44 57 142] [532 75 66 164] [562 126 80 200] 
cam3_2009_05_20_04_40\cam3_2009_05_20_04_40_16_500.jpg [396 46 57 143] [522 77 66 165] [568 113 76 191] 
cam3_2009_05_20_04_40\cam3_2009_05_20_04_40_16_890.jpg [374 42 56 140] [513 80 67 167] [590 107 75 187] 
cam3_2009_05_20_04_40\cam3_2009_05_20_04_40_17_296.jpg [612 108 75 187] [493 86 69 172] [368 50 58 146] 
cam3_2009_05_20_04_40\cam3_2009_05_20_04_40_17_703.jpg [355 52 59 147] [463 87 69 172] [621 100 73 182] 
cam3_2009_05_20_04_40\cam3_2009_05_20_04_40_18_093.jpg [345 53 59 148] [451 89 70 174] [626 95 71 178] 
cam3_2009_05_20_04_40\cam3_2009_05_20_04_40_18_500.jpg [343 59 61 152] [429 97 72 180] [601 88 69 173] 
cam3_2009_05_20_04_40\cam3_2009_05_20_04_40_18_890.jpg [333 67 63 158] [428 107 75 187] [596 79 67 167] 
cam3_2009_05_20_04_40\cam3_2009_05_20_04_40_19_296.jpg [328 66 63 157] [442 115 77 192] [578 83 68 170] 
cam3_2009_05_20_04_40\cam3_2009_05_20_04_40_19_718.jpg [546 73 65 162] [435 122 79 197] [332 78 66 166] 
cam3_2009_05_20_04_40\cam3_2009_05_20_04_40_20_109.jpg [337 91 70 175] [436 130 81 203] [538 74 65 163] 
cam3_2009_05_20_04_40\cam3_2009_05_20_04_40_20_515.jpg [356 98 72 180] [419 136 83 207] [538 66 63 157] 
cam3_2009_05_20_04_40\cam3_2009_05_20_04_40_20_906.jpg [388 100 73 182] [390 149 87 217] [545 65 63 157] 
cam3_2009_05_20_04_40\cam3_2009_05_20_04_40_21_312.jpg [355 146 86 215] [411 115 77 192] [531 73 65 162] 
cam3_2009_05_20_04_40\cam3_2009_05_20_04_40_21_718.jpg [329 141 84 211] [428 127 80 201] [532 71 64 161] 
cam3_2009_05_20_04_40\cam3_2009_05_20_04_40_22_125.jpg [529 73 65 162] [429 134 82 206] [319 138 84 209] 
cam3_2009_05_20_04_40\cam3_2009_05_20_04_40_22_515.jpg [309 144 85 213] [395 143 85 212] [529 78 66 166] 
cam3_2009_05_20_04_40\cam3_2009_05_20_04_40_22_921.jpg [528 67 63 158] [362 144 85 213] [305 146 86 215] 
cam3_2009_05_20_04_40\cam3_2009_05_20_04_40_23_359.jpg [312 162 90 226] [306 135 83 207] [540 67 63 158] 
cam3_2009_05_20_04_40\cam3_2009_05_20_04_40_23_765.jpg [545 66 63 157] [309 127 80 201] [262 146 86 215] 
cam3_2009_05_20_04_40\cam3_2009_05_20_04_40_24_156.jpg [550 72 65 162] [301 132 82 205] [220 155 88 221] 
cam3_2009_05_20_04_40\cam3_2009_05_20_04_40_24_562.jpg [551 78 66 166] [292 138 84 209] [184 165 91 228] 
cam3_2009_05_20_04_40\cam3_2009_05_20_04_40_24_953.jpg [549 68 64 159] [292 139 84 210] [185 162 90 226] 
cam3_2009_05_20_04_40\cam3_2009_05_20_04_40_25_359.jpg [541 81 67 168] [302 149 87 217] [191 155 88 221] 
cam3_2009_05_20_04_40\cam3_2009_05_20_04_40_25_765.jpg [539 85 68 171] [297 155 88 221] [190 159 90 224] 
cam3_2009_05_20_04_40\cam3_2009_05_20_04_40_26_171.jpg [191 156 89 222] [303 149 87 217] [538 85 68 171] 
cam3_2009_05_20_04_40\cam3_2009_05_20_04_40_26_562.jpg [522 87 69 172] [306 139 84 210] [191 157 89 223] 
cam3_2009_05_20_04_40\cam3_2009_05_20_04_40_26_968.jpg [197 147 86 215] [321 129 81 202] [505 87 69 172] 
cam3_2009_05_20_04_40\cam3_2009_05_20_04_40_27_359.jpg [196 147 86 215] [340 136 83 207] [474 81 67 168] 
cam3_2009_05_20_04_40\cam3_2009_05_20_04_40_27_765.jpg [217 151 87 218] [369 148 86 216] [441 90 70 175] 
cam3_2009_05_20_04_40\cam3_2009_05_20_04_40_28_171.jpg [409 81 67 168] [409 156 89 222] [251 146 86 215] 
cam3_2009_05_20_04_40\cam3_2009_05_20_04_40_28_578.jpg [256 159 90 224] [435 143 85 212] [375 83 68 170] 
cam3_2009_05_20_04_40\cam3_2009_05_20_04_40_28_968.jpg [339 84 68 170] [452 139 84 210] [300 160 90 225] 
cam3_2009_05_20_04_40\cam3_2009_05_20_04_40_29_375.jpg [299 83 68 170] [336 158 89 223] [464 127 80 201] 
cam3_2009_05_20_04_40\cam3_2009_05_20_04_40_29_781.jpg [263 79 67 167] [376 154 88 220] [461 113 76 191] 
cam3_2009_05_20_04_40\cam3_2009_05_20_04_40_30_171.jpg [223 82 68 169] [409 149 87 217] [457 110 76 189] 
cam3_2009_05_20_04_40\cam3_2009_05_20_04_40_30_578.jpg [181 90 70 175] 
cam3_2009_05_20_04_40\cam3_2009_05_20_04_40_30_968.jpg [439 132 82 205] [451 94 71 177] [156 89 70 174] 
cam3_2009_05_20_04_40\cam3_2009_05_20_04_40_31_375.jpg [118 98 72 180] [444 115 77 192] [466 91 70 175] 
cam3_2009_05_20_04_40\cam3_2009_05_20_04_40_31_781.jpg [425 110 76 189] [482 88 69 173] [100 112 76 190] 
cam3_2009_05_20_04_40\cam3_2009_05_20_04_40_32_171.jpg [89 117 78 194] [413 101 73 182] [498 82 68 169] 
cam3_2009_05_20_04_40\cam3_2009_05_20_04_40_32_578.jpg [80 119 78 195] [424 87 69 172] [519 85 68 171] 
cam3_2009_05_20_04_40\cam3_2009_05_20_04_40_32_968.jpg [83 124 80 199] [431 81 67 168] [532 75 66 164] 
cam3_2009_05_20_04_40\cam3_2009_05_20_04_40_33_375.jpg [95 132 82 205] [450 76 66 165] [541 73 65 162] 
cam3_2009_05_20_04_40\cam3_2009_05_20_04_40_33_781.jpg [102 132 82 205] [457 73 65 162] [539 68 64 159] 
cam3_2009_05_20_04_40\cam3_2009_05_20_04_40_34_171.jpg [106 134 82 206] [463 73 65 162] [549 65 63 157] 
cam3_2009_05_20_04_40\cam3_2009_05_20_04_40_34_578.jpg [544 64 62 156] [469 75 66 164] [106 132 82 205] 
cam3_2009_05_20_04_40\cam3_2009_05_20_04_40_34_984.jpg [106 130 81 203] [462 76 66 165] [531 67 63 158] 
cam3_2009_05_20_04_40\cam3_2009_05_20_04_40_35_390.jpg [533 66 63 157] [470 76 66 165] [130 122 79 197] 
cam3_2009_05_20_04_40\cam3_2009_05_20_04_40_35_796.jpg [143 119 78 195] [467 73 65 162] [537 64 62 156] 
cam3_2009_05_20_04_40\cam3_2009_05_20_04_40_36_187.jpg [537 65 63 157] [455 75 66 164] [166 119 78 195] 
cam3_2009_05_20_04_40\cam3_2009_05_20_04_40_36_593.jpg [170 119 78 195] [428 73 65 162] [560 59 61 152] 
cam3_2009_05_20_04_40\cam3_2009_05_20_04_40_37_000.jpg [546 72 65 162] [403 69 64 160] [182 117 78 194] 
cam3_2009_05_20_04_40\cam3_2009_05_20_04_40_37_390.jpg [172 115 77 192] [363 73 65 162] [529 73 65 162] 
cam3_2009_05_20_04_40\cam3_2009_05_20_04_40_37_796.jpg [519 73 65 162] [325 57 60 151] [176 114 77 192] 
cam3_2009_05_20_04_40\cam3_2009_05_20_04_40_38_203.jpg [172 112 76 190] [282 71 64 161] [508 78 66 166] 
cam3_2009_05_20_04_40\cam3_2009_05_20_04_40_38_593.jpg [483 78 66 166] [240 71 64 161] [176 114 77 192] 
cam3_2009_05_20_04_40\cam3_2009_05_20_04_40_39_000.jpg [174 116 77 193] [194 81 67 168] [454 80 67 167] 
cam3_2009_05_20_04_40\cam3_2009_05_20_04_40_39_406.jpg [420 79 67 167] [162 78 66 166] [176 113 76 191] 
cam3_2009_05_20_04_40\cam3_2009_05_20_04_40_39_796.jpg [175 118 78 195] [134 83 68 170] [389 71 64 161] 
cam3_2009_05_20_04_40\cam3_2009_05_20_04_40_40_203.jpg [351 67 63 158] [184 129 81 202] [112 92 70 176] 
cam3_2009_05_20_04_40\cam3_2009_05_20_04_40_40_609.jpg [323 69 64 160] [165 133 82 205] [100 96 72 179] 
cam3_2009_05_20_04_40\cam3_2009_05_20_04_40_41_000.jpg [98 116 77 193] [176 163 91 227] [290 67 63 158] 
cam3_2009_05_20_04_40\cam3_2009_05_20_04_40_41_406.jpg [259 68 64 159] [183 103 74 184] [97 136 83 207] 
cam3_2009_05_20_04_40\cam3_2009_05_20_04_40_41_812.jpg [94 147 86 215] [168 127 80 201] [233 64 62 156] 
cam3_2009_05_20_04_40\cam3_2009_05_20_04_40_42_203.jpg [207 66 63 157] [175 141 84 211] [100 137 83 208] 
cam3_2009_05_20_04_40\cam3_2009_05_20_04_40_42_609.jpg [97 136 83 207] [171 129 81 202] [185 63 62 155] 
cam3_2009_05_20_04_40\cam3_2009_05_20_04_40_43_000.jpg [166 55 60 150] [180 117 78 194] [97 126 80 200] 
cam3_2009_05_20_04_40\cam3_2009_05_20_04_40_43_406.jpg [97 127 80 201] [150 103 74 184] [155 47 58 144] 
cam3_2009_05_20_04_40\cam3_2009_05_20_04_40_43_812.jpg [154 44 57 142] [136 102 73 183] [100 118 78 195] 
cam3_2009_05_20_04_40\cam3_2009_05_20_04_40_44_218.jpg [85 112 76 190] [118 93 71 177] [133 57 60 151] 
cam3_2009_05_20_04_40\cam3_2009_05_20_04_40_44_609.jpg [133 91 70 175] [78 103 74 184] 
cam3_2009_05_20_04_40\cam3_2009_05_20_04_40_45_015.jpg [149 46 57 143] [162 81 67 168] [99 96 72 179] 
cam3_2009_05_20_04_40\cam3_2009_05_20_04_40_45_421.jpg [113 90 70 175] [146 45 57 142] [193 80 67 167] 
cam3_2009_05_20_04_40\cam3_2009_05_20_04_40_45_812.jpg [229 76 66 165] [151 48 58 145] [137 81 67 168] 
cam3_2009_05_20_04_40\cam3_2009_05_20_04_40_46_218.jpg [165 78 66 166] [156 43 56 141] [259 77 66 165] 
cam3_2009_05_20_04_40\cam3_2009_05_20_04_40_46_640.jpg [293 61 62 154] [195 76 66 165] [161 52 59 147] 
cam3_2009_05_20_04_40\cam3_2009_05_20_04_40_47_015.jpg [157 50 58 146] [220 68 64 159] [321 65 63 157] 
cam3_2009_05_20_04_40\cam3_2009_05_20_04_40_47_421.jpg [343 57 60 151] [275 69 64 160] [153 57 60 151] 
cam3_2009_05_20_04_40\cam3_2009_05_20_04_40_47_812.jpg [144 52 59 147] [305 64 62 156] [359 51 59 147] 
cam3_2009_05_20_04_40\cam3_2009_05_20_04_40_48_218.jpg [380 47 58 144] [340 61 62 154] [149 53 59 148] 
cam3_2009_05_20_04_40\cam3_2009_05_20_04_40_48_609.jpg [162 57 60 151] [356 64 62 156] [400 42 56 140] 
cam3_2009_05_20_04_40\cam3_2009_05_20_04_40_49_015.jpg [419 46 57 143] [368 60 61 153] [153 57 60 151] 
cam3_2009_05_20_04_40\cam3_2009_05_20_04_40_49_421.jpg [153 55 60 150] [366 56 60 150] [431 51 59 147] 
cam3_2009_05_20_04_40\cam3_2009_05_20_04_40_49_828.jpg [434 47 58 144] [377 53 59 148] [151 41 56 140] 
cam3_2009_05_20_04_40\cam3_2009_05_20_04_40_50_234.jpg [151 44 57 142] [368 57 60 151] [437 52 59 147] 
cam3_2009_05_20_04_40\cam3_2009_05_20_04_40_50_640.jpg [434 52 59 147] [384 61 62 154] [165 60 61 153] 
cam3_2009_05_20_04_40\cam3_2009_05_20_04_40_51_031.jpg [177 61 62 154] [373 55 60 150] [433 50 58 146] 
cam3_2009_05_20_04_40\cam3_2009_05_20_04_40_51_437.jpg [197 58 61 152] [370 57 60 151] [438 57 60 151] 
cam3_2009_05_20_04_40\cam3_2009_05_20_04_40_51_843.jpg [441 58 61 152] [380 58 61 152] [223 64 62 156] 
cam3_2009_05_20_04_40\cam3_2009_05_20_04_40_52_234.jpg [251 66 63 157] [374 61 62 154] [436 62 62 155] 
cam3_2009_05_20_04_40\cam3_2009_05_20_04_40_52_640.jpg [436 62 62 155] [376 61 62 154] [289 64 62 156] 
cam3_2009_05_20_04_40\cam3_2009_05_20_04_40_53_031.jpg [316 69 64 160] [378 59 61 152] [442 54 60 149] 
cam3_2009_05_20_04_40\cam3_2009_05_20_04_40_53_437.jpg [440 49 58 145] [381 61 62 154] [358 72 65 162] 
cam3_2009_05_20_04_40\cam3_2009_05_20_04_40_53_843.jpg [375 71 64 161] [440 44 57 142] 
cam3_2009_05_20_04_40\cam3_2009_05_20_04_40_54_234.jpg [362 62 62 155] [405 73 65 162] [434 52 59 147] 
cam3_2009_05_20_04_40\cam3_2009_05_20_04_40_54_640.jpg [432 73 65 162] [421 59 61 152] [359 64 62 156] 
cam3_2009_05_20_04_40\cam3_2009_05_20_04_40_55_031.jpg [356 64 62 156] [406 54 60 149] [437 72 65 162] 
cam3_2009_05_20_04_40\cam3_2009_05_20_04_40_55_437.jpg [368 68 64 159] [387 56 60 150] [439 72 65 162] 
cam3_2009_05_20_04_40\cam3_2009_05_20_04_40_55_843.jpg [365 67 63 158] [368 59 61 152] [423 70 64 160] 
cam3_2009_05_20_04_40\cam3_2009_05_20_04_40_56_250.jpg [415 67 63 158] [364 69 64 160] [377 58 61 152] 
cam3_2009_05_20_04_40\cam3_2009_05_20_04_40_56_640.jpg [356 68 64 159] [390 52 59 147] [419 72 65 162] 
cam3_2009_05_20_04_40\cam3_2009_05_20_04_40_57_046.jpg [346 61 62 154] [403 56 60 150] [416 70 64 160] 
cam3_2009_05_20_04_40\cam3_2009_05_20_04_40_57_453.jpg [396 74 65 163] [422 50 58 146] [360 57 60 151] 
cam3_2009_05_20_04_40\cam3_2009_05_20_04_40_57_843.jpg [364 59 61 152] [372 78 66 166] [424 46 57 143] 
cam3_2009_05_20_04_40\cam3_2009_05_20_04_40_58_250.jpg [434 43 56 141] [371 58 61 152] [343 76 66 165] 
cam3_2009_05_20_04_40\cam3_2009_05_20_04_40_58_640.jpg [312 75 66 164] [372 56 60 150] [445 48 58 145] 
cam3_2009_05_20_04_40\cam3_2009_05_20_04_40_59_062.jpg [450 54 60 149] [370 54 60 149] [294 66 63 157] 
cam3_2009_05_20_04_40\cam3_2009_05_20_04_40_59_453.jpg [252 71 64 161] [365 46 57 143] [448 55 60 150] 
cam3_2009_05_20_04_40\cam3_2009_05_20_04_40_59_859.jpg [450 48 58 145] [374 57 60 151] [223 69 64 160] 
cam3_2009_05_20_04_41\cam3_2009_05_20_04_41_00_296.jpg [178 66 63 157] [359 55 60 150] [456 56 60 150] 
cam3_2009_05_20_04_41\cam3_2009_05_20_04_41_00_687.jpg [453 53 59 148] [365 61 62 154] [163 74 65 163] 
cam3_2009_05_20_04_41\cam3_2009_05_20_04_41_01_125.jpg [126 70 64 160] [346 55 60 150] [451 44 57 142] 
cam3_2009_05_20_04_41\cam3_2009_05_20_04_41_01_500.jpg [446 45 57 142] [337 65 63 157] [112 68 64 159] 
cam3_2009_05_20_04_41\cam3_2009_05_20_04_41_01_890.jpg [109 77 66 165] [306 66 63 157] [443 42 56 140] 
cam3_2009_05_20_04_41\cam3_2009_05_20_04_41_02_296.jpg [447 42 56 140] [286 62 62 155] [116 81 67 168] 
cam3_2009_05_20_04_41\cam3_2009_05_20_04_41_02_687.jpg [113 78 66 166] [252 71 64 161] [449 44 57 142] 
cam3_2009_05_20_04_41\cam3_2009_05_20_04_41_03_093.jpg [450 45 57 142] [224 65 63 157] [104 78 66 166] 
cam3_2009_05_20_04_41\cam3_2009_05_20_04_41_03_500.jpg [103 76 66 165] [191 69 64 160] [459 47 58 144] 
cam3_2009_05_20_04_41\cam3_2009_05_20_04_41_03_890.jpg [457 47 58 144] [164 66 63 157] [103 81 67 168] 
cam3_2009_05_20_04_41\cam3_2009_05_20_04_41_04_328.jpg [111 83 68 170] [92 70 64 160] [456 47 58 144] 
cam3_2009_05_20_04_41\cam3_2009_05_20_04_41_04_765.jpg [458 52 59 147] [69 77 66 165] [84 76 66 165] 
cam3_2009_05_20_04_41\cam3_2009_05_20_04_41_05_156.jpg [30 83 68 170] [94 68 64 159] [451 49 58 145] 
cam3_2009_05_20_04_41\cam3_2009_05_20_04_41_05_546.jpg [453 49 58 145] [111 64 62 156] [19 100 73 182] 
cam3_2009_05_20_04_41\cam3_2009_05_20_04_41_05_953.jpg [13 99 72 181] [111 70 64 160] [449 56 60 150] 
cam3_2009_05_20_04_41\cam3_2009_05_20_04_41_06_359.jpg [451 54 60 149] [114 69 64 160] [18 95 71 178] 
cam3_2009_05_20_04_41\cam3_2009_05_20_04_41_06_765.jpg [12 96 72 179] [104 72 65 162] [448 63 62 155] 
cam3_2009_05_20_04_41\cam3_2009_05_20_04_41_07_156.jpg [450 61 62 154] [121 79 67 167] [20 97 72 180] 
cam3_2009_05_20_04_41\cam3_2009_05_20_04_41_07_562.jpg [19 97 72 180] [110 80 67 167] [448 66 63 157] 
cam3_2009_05_20_04_41\cam3_2009_05_20_04_41_07_953.jpg [454 64 62 156] [113 72 65 162] [26 94 71 177] 
cam3_2009_05_20_04_41\cam3_2009_05_20_04_41_08_359.jpg [25 90 70 175] [112 67 63 158] [455 63 62 155] 
cam3_2009_05_20_04_41\cam3_2009_05_20_04_41_08_765.jpg [455 61 62 154] [138 74 65 163] [30 93 71 177] 
cam3_2009_05_20_04_41\cam3_2009_05_20_04_41_09_156.jpg [41 78 66 166] [156 73 65 162] [449 55 60 150] 
cam3_2009_05_20_04_41\cam3_2009_05_20_04_41_09_562.jpg [452 52 59 147] [188 68 64 159] [58 78 66 166] 
cam3_2009_05_20_04_41\cam3_2009_05_20_04_41_09_953.jpg [90 70 64 160] [207 71 64 161] [434 47 58 144] 
cam3_2009_05_20_04_41\cam3_2009_05_20_04_41_10_359.jpg [427 48 58 145] [248 65 63 157] [122 73 65 162] 
cam3_2009_05_20_04_41\cam3_2009_05_20_04_41_10_765.jpg [158 69 64 160] [276 69 64 160] [416 54 60 149] 
cam3_2009_05_20_04_41\cam3_2009_05_20_04_41_11_171.jpg [399 54 60 149] [313 74 65 163] [195 61 62 154] 
cam3_2009_05_20_04_41\cam3_2009_05_20_04_41_11_562.jpg [231 63 62 155] [347 76 66 165] [378 55 60 150] 
cam3_2009_05_20_04_41\cam3_2009_05_20_04_41_11_968.jpg [357 58 61 152] [385 75 66 164] [275 64 62 156] 
cam3_2009_05_20_04_41\cam3_2009_05_20_04_41_12_359.jpg [308 63 62 155] [345 54 60 149] [399 72 65 162] 
cam3_2009_05_20_04_41\cam3_2009_05_20_04_41_12_765.jpg [431 75 66 164] [337 69 64 160] [327 62 62 155] 
cam3_2009_05_20_04_41\cam3_2009_05_20_04_41_13_171.jpg [325 74 65 163] [364 59 61 152] [456 75 66 164] 
cam3_2009_05_20_04_41\cam3_2009_05_20_04_41_13_562.jpg [460 78 66 166] [375 57 60 151] [320 76 66 165] 
cam3_2009_05_20_04_41\cam3_2009_05_20_04_41_13_968.jpg [329 81 67 168] [376 64 62 156] [457 83 68 170] 
cam3_2009_05_20_04_41\cam3_2009_05_20_04_41_14_375.jpg [461 81 67 168] [387 59 61 152] [364 79 67 167] 
cam3_2009_05_20_04_41\cam3_2009_05_20_04_41_14_781.jpg [393 82 68 169] [380 68 64 159] [467 83 68 170] 
cam3_2009_05_20_04_41\cam3_2009_05_20_04_41_15_171.jpg [481 83 68 170] [436 93 71 177] [380 63 62 155] 
cam3_2009_05_20_04_41\cam3_2009_05_20_04_41_15_578.jpg [368 63 62 155] [480 104 74 185] [505 83 68 170] 
cam3_2009_05_20_04_41\cam3_2009_05_20_04_41_15_968.jpg [512 79 67 167] [528 110 76 189] [378 49 58 145] 
cam3_2009_05_20_04_41\cam3_2009_05_20_04_41_16_375.jpg [373 66 63 157] [509 73 65 162] [570 111 76 190] 
cam3_2009_05_20_04_41\cam3_2009_05_20_04_41_16_781.jpg [600 104 74 185] [516 74 65 163] [363 62 62 155] 
cam3_2009_05_20_04_41\cam3_2009_05_20_04_41_17_187.jpg [353 63 62 155] [513 80 67 167] [642 105 74 185] 
cam3_2009_05_20_04_41\cam3_2009_05_20_04_41_17_578.jpg [342 68 64 159] [521 75 66 164] 
cam3_2009_05_20_04_41\cam3_2009_05_20_04_41_17_968.jpg [529 73 65 162] [336 73 65 162] 
cam3_2009_05_20_04_41\cam3_2009_05_20_04_41_18_375.jpg [327 76 66 165] [514 80 67 167] 
cam3_2009_05_20_04_41\cam3_2009_05_20_04_41_18_781.jpg [515 80 67 167] [332 81 67 168] 
cam3_2009_05_20_04_41\cam3_2009_05_20_04_41_19_171.jpg [340 85 68 171] [522 81 67 168] 
cam3_2009_05_20_04_41\cam3_2009_05_20_04_41_19_578.jpg [539 78 66 166] [357 86 69 172] 
cam3_2009_05_20_04_41\cam3_2009_05_20_04_41_19_984.jpg [355 88 69 173] [561 78 66 166] 
cam3_2009_05_20_04_41\cam3_2009_05_20_04_41_20_390.jpg [595 69 64 160] [351 87 69 172] 
cam3_2009_05_20_04_41\cam3_2009_05_20_04_41_20_796.jpg [350 87 69 172] [626 81 67 168] 
cam3_2009_05_20_04_41\cam3_2009_05_20_04_41_21_187.jpg [644 83 68 170] 
cam3_2009_05_20_04_41\cam3_2009_05_20_04_41_21_593.jpg [349 86 69 172] 
cam3_2009_05_20_04_41\cam3_2009_05_20_04_41_21_984.jpg [348 85 68 171] 
cam3_2009_05_20_04_41\cam3_2009_05_20_04_41_22_390.jpg [349 87 69 172] 
cam3_2009_05_20_04_41\cam3_2009_05_20_04_41_22_796.jpg [348 88 69 173] 
cam3_2009_05_20_04_41\cam3_2009_05_20_04_41_23_203.jpg [348 88 69 173] 
cam3_2009_05_20_04_41\cam3_2009_05_20_04_41_23_609.jpg [349 86 69 172] 
cam3_2009_05_20_04_41\cam3_2009_05_20_04_41_24_000.jpg [349 86 69 172] 
cam3_2009_05_20_04_41\cam3_2009_05_20_04_41_24_406.jpg [346 86 69 172] 
cam3_2009_05_20_04_41\cam3_2009_05_20_04_41_24_812.jpg [344 87 69 172] 
cam3_2009_05_20_04_41\cam3_2009_05_20_04_41_25_203.jpg [344 87 69 172] 
cam3_2009_05_20_04_41\cam3_2009_05_20_04_41_25_609.jpg [367 94 71 177] 
cam3_2009_05_20_04_41\cam3_2009_05_20_04_41_26_015.jpg [392 102 73 183] 
cam3_2009_05_20_04_41\cam3_2009_05_20_04_41_26_421.jpg [422 103 74 184] 
cam3_2009_05_20_04_41\cam3_2009_05_20_04_41_26_812.jpg [455 106 74 186] 
cam3_2009_05_20_04_41\cam3_2009_05_20_04_41_27_218.jpg [492 108 75 187] 
cam3_2009_05_20_04_41\cam3_2009_05_20_04_41_27_609.jpg [525 112 76 190] 
cam3_2009_05_20_04_41\cam3_2009_05_20_04_41_28_015.jpg [557 109 75 188] 
cam3_2009_05_20_04_41\cam3_2009_05_20_04_41_28_421.jpg [582 104 74 185] 
cam3_2009_05_20_04_41\cam3_2009_05_20_04_41_28_812.jpg [599 102 73 183] 
cam3_2009_05_20_04_41\cam3_2009_05_20_04_41_29_218.jpg [628 100 73 182] 
cam3_2009_05_20_04_41\cam3_2009_05_20_04_41_29_609.jpg [636 100 73 182] 
cam3_2009_05_20_04_41\cam3_2009_05_20_04_41_30_015.jpg 
cam3_2009_05_20_04_41\cam3_2009_05_20_04_41_30_421.jpg 
cam3_2009_05_20_04_41\cam3_2009_05_20_04_41_30_812.jpg 
cam3_2009_05_20_04_41\cam3_2009_05_20_04_41_31_218.jpg 
cam3_2009_05_20_04_41\cam3_2009_05_20_04_41_31_609.jpg 
cam3_2009_05_20_04_41\cam3_2009_05_20_04_41_32_031.jpg 
cam3_2009_05_20_04_41\cam3_2009_05_20_04_41_32_437.jpg 
cam3_2009_05_20_04_41\cam3_2009_05_20_04_41_32_828.jpg 
cam3_2009_05_20_04_41\cam3_2009_05_20_04_41_33_234.jpg 
cam3_2009_05_20_04_41\cam3_2009_05_20_04_41_33_625.jpg 
cam3_2009_05_20_04_41\cam3_2009_05_20_04_41_34_031.jpg 
cam3_2009_05_20_04_41\cam3_2009_05_20_04_41_34_437.jpg 
cam3_2009_05_20_04_41\cam3_2009_05_20_04_41_34_843.jpg 
cam3_2009_05_20_04_41\cam3_2009_05_20_04_41_35_250.jpg 
cam3_2009_05_20_04_41\cam3_2009_05_20_04_41_35_640.jpg 
cam3_2009_05_20_04_41\cam3_2009_05_20_04_41_36_046.jpg 
cam3_2009_05_20_04_41\cam3_2009_05_20_04_41_36_437.jpg 
cam3_2009_05_20_04_41\cam3_2009_05_20_04_41_36_843.jpg 
cam3_2009_05_20_04_41\cam3_2009_05_20_04_41_37_234.jpg 
cam3_2009_05_20_04_41\cam3_2009_05_20_04_41_37_640.jpg 
cam3_2009_05_20_04_41\cam3_2009_05_20_04_41_38_062.jpg 
cam3_2009_05_20_04_41\cam3_2009_05_20_04_41_38_437.jpg 
cam3_2009_05_20_04_41\cam3_2009_05_20_04_41_38_843.jpg 
cam3_2009_05_20_04_41\cam3_2009_05_20_04_41_39_265.jpg 
cam3_2009_05_20_04_41\cam3_2009_05_20_04_41_39_640.jpg 
cam3_2009_05_20_04_41\cam3_2009_05_20_04_41_40_046.jpg 
cam3_2009_05_20_04_41\cam3_2009_05_20_04_41_40_437.jpg 
cam3_2009_05_20_04_41\cam3_2009_05_20_04_41_40_843.jpg [648 64 62 156] 
cam3_2009_05_20_04_41\cam3_2009_05_20_04_41_41_296.jpg [650 64 62 156] 
cam3_2009_05_20_04_41\cam3_2009_05_20_04_41_41_687.jpg 
cam3_2009_05_20_04_41\cam3_2009_05_20_04_41_42_093.jpg 
cam3_2009_05_20_04_41\cam3_2009_05_20_04_41_42_500.jpg 
cam3_2009_05_20_04_41\cam3_2009_05_20_04_41_42_890.jpg 
cam3_2009_05_20_04_41\cam3_2009_05_20_04_41_43_296.jpg 
cam3_2009_05_20_04_41\cam3_2009_05_20_04_41_43_687.jpg 
cam3_2009_05_20_04_41\cam3_2009_05_20_04_41_44_093.jpg 
cam3_2009_05_20_04_41\cam3_2009_05_20_04_41_44_500.jpg 
cam3_2009_05_20_04_41\cam3_2009_05_20_04_41_44_890.jpg 
cam3_2009_05_20_04_41\cam3_2009_05_20_04_41_45_296.jpg 
cam3_2009_05_20_04_41\cam3_2009_05_20_04_41_45_734.jpg 
cam3_2009_05_20_04_41\cam3_2009_05_20_04_41_46_140.jpg 
cam3_2009_05_20_04_41\cam3_2009_05_20_04_41_46_531.jpg 
cam3_2009_05_20_04_41\cam3_2009_05_20_04_41_46_937.jpg 
cam3_2009_05_20_04_41\cam3_2009_05_20_04_41_47_343.jpg 
cam3_2009_05_20_04_41\cam3_2009_05_20_04_41_47_750.jpg 
cam3_2009_05_20_04_41\cam3_2009_05_20_04_41_48_156.jpg 
cam3_2009_05_20_04_41\cam3_2009_05_20_04_41_48_546.jpg 
cam3_2009_05_20_04_41\cam3_2009_05_20_04_41_48_953.jpg 
cam3_2009_05_20_04_41\cam3_2009_05_20_04_41_49_359.jpg 
cam3_2009_05_20_04_41\cam3_2009_05_20_04_41_49_765.jpg 
cam3_2009_05_20_04_41\cam3_2009_05_20_04_41_50_171.jpg 
cam3_2009_05_20_04_41\cam3_2009_05_20_04_41_50_578.jpg 
cam3_2009_05_20_04_41\cam3_2009_05_20_04_41_50_968.jpg 
cam3_2009_05_20_04_41\cam3_2009_05_20_04_41_51_375.jpg 
cam3_2009_05_20_04_41\cam3_2009_05_20_04_41_51_781.jpg 
cam3_2009_05_20_04_41\cam3_2009_05_20_04_41_52_171.jpg 
cam3_2009_05_20_04_41\cam3_2009_05_20_04_41_52_578.jpg 
cam3_2009_05_20_04_41\cam3_2009_05_20_04_41_52_968.jpg 
cam3_2009_05_20_04_41\cam3_2009_05_20_04_41_53_375.jpg 
cam3_2009_05_20_04_41\cam3_2009_05_20_04_41_53_765.jpg 
cam3_2009_05_20_04_41\cam3_2009_05_20_04_41_54_171.jpg 
cam3_2009_05_20_04_41\cam3_2009_05_20_04_41_54_578.jpg 
cam3_2009_05_20_04_41\cam3_2009_05_20_04_41_54_968.jpg 
cam3_2009_05_20_04_41\cam3_2009_05_20_04_41_55_406.jpg 
cam3_2009_05_20_04_41\cam3_2009_05_20_04_41_55_781.jpg 
cam3_2009_05_20_04_41\cam3_2009_05_20_04_41_56_187.jpg 
cam3_2009_05_20_04_41\cam3_2009_05_20_04_41_56_593.jpg 
cam3_2009_05_20_04_41\cam3_2009_05_20_04_41_56_984.jpg 
cam3_2009_05_20_04_41\cam3_2009_05_20_04_41_57_390.jpg 
cam3_2009_05_20_04_41\cam3_2009_05_20_04_41_57_796.jpg 
cam3_2009_05_20_04_41\cam3_2009_05_20_04_41_58_187.jpg 
cam3_2009_05_20_04_41\cam3_2009_05_20_04_41_58_593.jpg 
cam3_2009_05_20_04_41\cam3_2009_05_20_04_41_59_000.jpg 
cam3_2009_05_20_04_41\cam3_2009_05_20_04_41_59_406.jpg [5 322 136 340] 
cam3_2009_05_20_04_41\cam3_2009_05_20_04_41_59_796.jpg [77 355 146 364] 
cam3_2009_05_20_04_42\cam3_2009_05_20_04_42_00_250.jpg [172 373 151 377] [645 53 59 148] 
cam3_2009_05_20_04_42\cam3_2009_05_20_04_42_00_640.jpg [254 428 166 416] [653 50 58 146] 
cam3_2009_05_20_04_42\cam3_2009_05_20_04_42_01_046.jpg 
cam3_2009_05_20_04_42\cam3_2009_05_20_04_42_01_437.jpg 
cam3_2009_05_20_04_42\cam3_2009_05_20_04_42_01_843.jpg [645 55 60 150] 
cam3_2009_05_20_04_42\cam3_2009_05_20_04_42_02_250.jpg [640 57 60 151] 
cam3_2009_05_20_04_42\cam3_2009_05_20_04_42_02_656.jpg [640 56 60 150] 
cam3_2009_05_20_04_42\cam3_2009_05_20_04_42_03_046.jpg [642 93 71 177] 
cam3_2009_05_20_04_42\cam3_2009_05_20_04_42_03_453.jpg [647 66 63 157] [621 102 73 183] 
cam3_2009_05_20_04_42\cam3_2009_05_20_04_42_03_859.jpg [586 98 72 180] [649 69 64 160] 
cam3_2009_05_20_04_42\cam3_2009_05_20_04_42_04_250.jpg [545 94 71 177] 
cam3_2009_05_20_04_42\cam3_2009_05_20_04_42_04_656.jpg [645 85 68 171] [520 89 70 174] 
cam3_2009_05_20_04_42\cam3_2009_05_20_04_42_05_046.jpg [473 88 69 173] 
cam3_2009_05_20_04_42\cam3_2009_05_20_04_42_05_453.jpg [440 78 66 166] 
cam3_2009_05_20_04_42\cam3_2009_05_20_04_42_05_859.jpg [412 82 68 169] 
cam3_2009_05_20_04_42\cam3_2009_05_20_04_42_06_250.jpg [387 76 66 165] 
cam3_2009_05_20_04_42\cam3_2009_05_20_04_42_06_656.jpg [372 66 63 157] 
cam3_2009_05_20_04_42\cam3_2009_05_20_04_42_07_046.jpg [633 112 76 190] [366 61 62 154] 
cam3_2009_05_20_04_42\cam3_2009_05_20_04_42_07_453.jpg [357 56 60 150] [582 112 76 190] 
cam3_2009_05_20_04_42\cam3_2009_05_20_04_42_07_859.jpg [356 52 59 147] [530 107 75 187] 
cam3_2009_05_20_04_42\cam3_2009_05_20_04_42_08_265.jpg [476 86 69 172] [357 44 57 142] 
cam3_2009_05_20_04_42\cam3_2009_05_20_04_42_08_671.jpg [432 89 70 174] [342 36 54 136] 
cam3_2009_05_20_04_42\cam3_2009_05_20_04_42_09_078.jpg [627 96 72 179] [388 84 68 170] [331 37 55 137] 
cam3_2009_05_20_04_42\cam3_2009_05_20_04_42_09_484.jpg [369 74 65 163] [606 88 69 173] 
cam3_2009_05_20_04_42\cam3_2009_05_20_04_42_09_875.jpg [347 66 63 157] [570 91 70 175] 
cam3_2009_05_20_04_42\cam3_2009_05_20_04_42_10_281.jpg [351 55 60 150] [540 93 71 177] 
cam3_2009_05_20_04_42\cam3_2009_05_20_04_42_10_671.jpg [501 90 70 175] [353 49 58 145] 
cam3_2009_05_20_04_42\cam3_2009_05_20_04_42_11_078.jpg [471 81 67 168] [344 46 57 143] 
cam3_2009_05_20_04_42\cam3_2009_05_20_04_42_11_500.jpg [431 71 64 161] 
cam3_2009_05_20_04_42\cam3_2009_05_20_04_42_11_890.jpg [407 68 64 159] 
cam3_2009_05_20_04_42\cam3_2009_05_20_04_42_12_296.jpg [388 59 61 152] [301 39 55 138] 
cam3_2009_05_20_04_42\cam3_2009_05_20_04_42_12_687.jpg [359 68 64 159] 
cam3_2009_05_20_04_42\cam3_2009_05_20_04_42_13_093.jpg [340 58 61 152] 
cam3_2009_05_20_04_42\cam3_2009_05_20_04_42_13_500.jpg [326 49 58 145] 
cam3_2009_05_20_04_42\cam3_2009_05_20_04_42_13_890.jpg [306 52 59 147] 
cam3_2009_05_20_04_42\cam3_2009_05_20_04_42_14_312.jpg 
cam3_2009_05_20_04_42\cam3_2009_05_20_04_42_14_687.jpg [270 40 56 139] 
cam3_2009_05_20_04_42\cam3_2009_05_20_04_42_15_093.jpg 
cam3_2009_05_20_04_42\cam3_2009_05_20_04_42_15_500.jpg [213 38 55 137] 
cam3_2009_05_20_04_42\cam3_2009_05_20_04_42_15_890.jpg [199 34 54 135] 
cam3_2009_05_20_04_42\cam3_2009_05_20_04_42_16_296.jpg 
cam3_2009_05_20_04_42\cam3_2009_05_20_04_42_16_687.jpg 
cam3_2009_05_20_04_42\cam3_2009_05_20_04_42_17_093.jpg 
cam3_2009_05_20_04_42\cam3_2009_05_20_04_42_17_515.jpg 
cam3_2009_05_20_04_42\cam3_2009_05_20_04_42_17_906.jpg 
cam3_2009_05_20_04_42\cam3_2009_05_20_04_42_18_312.jpg 
cam3_2009_05_20_04_42\cam3_2009_05_20_04_42_18_703.jpg 
cam3_2009_05_20_04_42\cam3_2009_05_20_04_42_19_109.jpg 
cam3_2009_05_20_04_42\cam3_2009_05_20_04_42_19_515.jpg 
cam3_2009_05_20_04_42\cam3_2009_05_20_04_42_19_906.jpg 
cam3_2009_05_20_04_42\cam3_2009_05_20_04_42_20_343.jpg 
cam3_2009_05_20_04_42\cam3_2009_05_20_04_42_20_718.jpg 
cam3_2009_05_20_04_42\cam3_2009_05_20_04_42_21_125.jpg 
cam3_2009_05_20_04_42\cam3_2009_05_20_04_42_21_515.jpg 
cam3_2009_05_20_04_42\cam3_2009_05_20_04_42_21_921.jpg 
cam3_2009_05_20_04_42\cam3_2009_05_20_04_42_22_312.jpg 
cam3_2009_05_20_04_42\cam3_2009_05_20_04_42_22_718.jpg 
cam3_2009_05_20_04_42\cam3_2009_05_20_04_42_23_125.jpg 
cam3_2009_05_20_04_42\cam3_2009_05_20_04_42_23_515.jpg 
cam3_2009_05_20_04_42\cam3_2009_05_20_04_42_23_921.jpg 
cam3_2009_05_20_04_42\cam3_2009_05_20_04_42_24_312.jpg 
cam3_2009_05_20_04_42\cam3_2009_05_20_04_42_24_718.jpg 
cam3_2009_05_20_04_42\cam3_2009_05_20_04_42_25_125.jpg 
cam3_2009_05_20_04_42\cam3_2009_05_20_04_42_25_515.jpg 
cam3_2009_05_20_04_42\cam3_2009_05_20_04_42_25_921.jpg 
cam3_2009_05_20_04_42\cam3_2009_05_20_04_42_26_312.jpg 
cam3_2009_05_20_04_42\cam3_2009_05_20_04_42_26_734.jpg 
cam3_2009_05_20_04_42\cam3_2009_05_20_04_42_27_140.jpg 
cam3_2009_05_20_04_42\cam3_2009_05_20_04_42_27_531.jpg 
cam3_2009_05_20_04_42\cam3_2009_05_20_04_42_27_937.jpg 
cam3_2009_05_20_04_42\cam3_2009_05_20_04_42_28_328.jpg 
cam3_2009_05_20_04_42\cam3_2009_05_20_04_42_28_734.jpg 
cam3_2009_05_20_04_42\cam3_2009_05_20_04_42_29_140.jpg 
cam3_2009_05_20_04_42\cam3_2009_05_20_04_42_29_531.jpg 
cam3_2009_05_20_04_42\cam3_2009_05_20_04_42_29_937.jpg 
cam3_2009_05_20_04_42\cam3_2009_05_20_04_42_30_328.jpg 
cam3_2009_05_20_04_42\cam3_2009_05_20_04_42_30_781.jpg 
cam3_2009_05_20_04_42\cam3_2009_05_20_04_42_31_171.jpg 
cam3_2009_05_20_04_42\cam3_2009_05_20_04_42_31_578.jpg 
cam3_2009_05_20_04_42\cam3_2009_05_20_04_42_31_968.jpg 
cam3_2009_05_20_04_42\cam3_2009_05_20_04_42_32_375.jpg 
cam3_2009_05_20_04_42\cam3_2009_05_20_04_42_32_796.jpg 
cam3_2009_05_20_04_42\cam3_2009_05_20_04_42_33_203.jpg 
cam3_2009_05_20_04_42\cam3_2009_05_20_04_42_33_593.jpg 
cam3_2009_05_20_04_42\cam3_2009_05_20_04_42_34_000.jpg 
cam3_2009_05_20_04_42\cam3_2009_05_20_04_42_34_406.jpg 
cam3_2009_05_20_04_42\cam3_2009_05_20_04_42_34_796.jpg 
cam3_2009_05_20_04_42\cam3_2009_05_20_04_42_35_203.jpg 
cam3_2009_05_20_04_42\cam3_2009_05_20_04_42_35_609.jpg 
cam3_2009_05_20_04_42\cam3_2009_05_20_04_42_36_015.jpg 
cam3_2009_05_20_04_42\cam3_2009_05_20_04_42_36_453.jpg 
cam3_2009_05_20_04_42\cam3_2009_05_20_04_42_36_859.jpg 
cam3_2009_05_20_04_42\cam3_2009_05_20_04_42_37_250.jpg 
cam3_2009_05_20_04_42\cam3_2009_05_20_04_42_37_656.jpg 
cam3_2009_05_20_04_42\cam3_2009_05_20_04_42_38_046.jpg 
cam3_2009_05_20_04_42\cam3_2009_05_20_04_42_38_484.jpg 
cam3_2009_05_20_04_42\cam3_2009_05_20_04_42_38_875.jpg 
cam3_2009_05_20_04_42\cam3_2009_05_20_04_42_39_281.jpg 
cam3_2009_05_20_04_42\cam3_2009_05_20_04_42_39_687.jpg 
cam3_2009_05_20_04_42\cam3_2009_05_20_04_42_40_078.jpg 
cam3_2009_05_20_04_42\cam3_2009_05_20_04_42_40_484.jpg 
cam3_2009_05_20_04_42\cam3_2009_05_20_04_42_40_875.jpg 
cam3_2009_05_20_04_42\cam3_2009_05_20_04_42_41_281.jpg 
cam3_2009_05_20_04_42\cam3_2009_05_20_04_42_41_687.jpg 
cam3_2009_05_20_04_42\cam3_2009_05_20_04_42_42_093.jpg 
cam3_2009_05_20_04_42\cam3_2009_05_20_04_42_42_500.jpg 
cam3_2009_05_20_04_42\cam3_2009_05_20_04_42_42_890.jpg 
cam3_2009_05_20_04_42\cam3_2009_05_20_04_42_43_515.jpg 
cam3_2009_05_20_04_42\cam3_2009_05_20_04_42_43_890.jpg 
cam3_2009_05_20_04_42\cam3_2009_05_20_04_42_44_296.jpg 
cam3_2009_05_20_04_42\cam3_2009_05_20_04_42_44_703.jpg 
cam3_2009_05_20_04_42\cam3_2009_05_20_04_42_45_125.jpg 
cam3_2009_05_20_04_42\cam3_2009_05_20_04_42_45_515.jpg 
cam3_2009_05_20_04_42\cam3_2009_05_20_04_42_45_921.jpg 
cam3_2009_05_20_04_42\cam3_2009_05_20_04_42_46_312.jpg 
cam3_2009_05_20_04_42\cam3_2009_05_20_04_42_46_718.jpg 
cam3_2009_05_20_04_42\cam3_2009_05_20_04_42_47_125.jpg 
cam3_2009_05_20_04_42\cam3_2009_05_20_04_42_47_515.jpg 
cam3_2009_05_20_04_42\cam3_2009_05_20_04_42_47_921.jpg 
cam3_2009_05_20_04_42\cam3_2009_05_20_04_42_48_328.jpg 
cam3_2009_05_20_04_42\cam3_2009_05_20_04_42_48_718.jpg 
cam3_2009_05_20_04_42\cam3_2009_05_20_04_42_49_125.jpg 
cam3_2009_05_20_04_42\cam3_2009_05_20_04_42_49_515.jpg 
cam3_2009_05_20_04_42\cam3_2009_05_20_04_42_49_921.jpg 
cam3_2009_05_20_04_42\cam3_2009_05_20_04_42_50_328.jpg 
cam3_2009_05_20_04_42\cam3_2009_05_20_04_42_50_734.jpg 
cam3_2009_05_20_04_42\cam3_2009_05_20_04_42_51_140.jpg 
cam3_2009_05_20_04_42\cam3_2009_05_20_04_42_51_531.jpg 
cam3_2009_05_20_04_42\cam3_2009_05_20_04_42_51_937.jpg 
cam3_2009_05_20_04_42\cam3_2009_05_20_04_42_52_328.jpg 
cam3_2009_05_20_04_42\cam3_2009_05_20_04_42_52_734.jpg 
cam3_2009_05_20_04_42\cam3_2009_05_20_04_42_53_140.jpg 
cam3_2009_05_20_04_42\cam3_2009_05_20_04_42_53_531.jpg 
cam3_2009_05_20_04_42\cam3_2009_05_20_04_42_53_953.jpg 
cam3_2009_05_20_04_42\cam3_2009_05_20_04_42_54_359.jpg 
cam3_2009_05_20_04_42\cam3_2009_05_20_04_42_54_765.jpg 
cam3_2009_05_20_04_42\cam3_2009_05_20_04_42_55_156.jpg 
cam3_2009_05_20_04_42\cam3_2009_05_20_04_42_55_562.jpg 
cam3_2009_05_20_04_42\cam3_2009_05_20_04_42_55_953.jpg 
cam3_2009_05_20_04_42\cam3_2009_05_20_04_42_56_359.jpg 
cam3_2009_05_20_04_42\cam3_2009_05_20_04_42_56_765.jpg 
cam3_2009_05_20_04_42\cam3_2009_05_20_04_42_57_171.jpg 
cam3_2009_05_20_04_42\cam3_2009_05_20_04_42_57_578.jpg 
cam3_2009_05_20_04_42\cam3_2009_05_20_04_42_57_968.jpg 
cam3_2009_05_20_04_42\cam3_2009_05_20_04_42_58_375.jpg 
cam3_2009_05_20_04_42\cam3_2009_05_20_04_42_58_765.jpg 
cam3_2009_05_20_04_42\cam3_2009_05_20_04_42_59_171.jpg 
cam3_2009_05_20_04_42\cam3_2009_05_20_04_42_59_578.jpg 
cam3_2009_05_20_04_42\cam3_2009_05_20_04_42_59_984.jpg 
cam3_2009_05_20_04_43\cam3_2009_05_20_04_43_00_437.jpg 
cam3_2009_05_20_04_43\cam3_2009_05_20_04_43_00_843.jpg 
cam3_2009_05_20_04_43\cam3_2009_05_20_04_43_01_234.jpg 
cam3_2009_05_20_04_43\cam3_2009_05_20_04_43_01_640.jpg 
cam3_2009_05_20_04_43\cam3_2009_05_20_04_43_02_046.jpg 
cam3_2009_05_20_04_43\cam3_2009_05_20_04_43_02_437.jpg 
cam3_2009_05_20_04_43\cam3_2009_05_20_04_43_02_875.jpg 
cam3_2009_05_20_04_43\cam3_2009_05_20_04_43_03_281.jpg 
cam3_2009_05_20_04_43\cam3_2009_05_20_04_43_03_671.jpg 
cam3_2009_05_20_04_43\cam3_2009_05_20_04_43_04_078.jpg 
cam3_2009_05_20_04_43\cam3_2009_05_20_04_43_04_484.jpg 
cam3_2009_05_20_04_43\cam3_2009_05_20_04_43_04_875.jpg 
cam3_2009_05_20_04_43\cam3_2009_05_20_04_43_05_281.jpg 
cam3_2009_05_20_04_43\cam3_2009_05_20_04_43_05_671.jpg 
cam3_2009_05_20_04_43\cam3_2009_05_20_04_43_06_156.jpg 
cam3_2009_05_20_04_43\cam3_2009_05_20_04_43_06_546.jpg 
cam3_2009_05_20_04_43\cam3_2009_05_20_04_43_06_953.jpg 
cam3_2009_05_20_04_43\cam3_2009_05_20_04_43_07_359.jpg 
cam3_2009_05_20_04_43\cam3_2009_05_20_04_43_07_765.jpg 
cam3_2009_05_20_04_43\cam3_2009_05_20_04_43_08_156.jpg 
cam3_2009_05_20_04_43\cam3_2009_05_20_04_43_08_562.jpg 
cam3_2009_05_20_04_43\cam3_2009_05_20_04_43_08_968.jpg 
cam3_2009_05_20_04_43\cam3_2009_05_20_04_43_09_375.jpg 
cam3_2009_05_20_04_43\cam3_2009_05_20_04_43_09_765.jpg 
cam3_2009_05_20_04_43\cam3_2009_05_20_04_43_10_171.jpg 
cam3_2009_05_20_04_43\cam3_2009_05_20_04_43_10_609.jpg 
cam3_2009_05_20_04_43\cam3_2009_05_20_04_43_11_015.jpg 
cam3_2009_05_20_04_43\cam3_2009_05_20_04_43_11_406.jpg 
cam3_2009_05_20_04_43\cam3_2009_05_20_04_43_11_812.jpg 
cam3_2009_05_20_04_43\cam3_2009_05_20_04_43_12_234.jpg 
cam3_2009_05_20_04_43\cam3_2009_05_20_04_43_12_625.jpg 
cam3_2009_05_20_04_43\cam3_2009_05_20_04_43_13_031.jpg 
cam3_2009_05_20_04_43\cam3_2009_05_20_04_43_13_421.jpg 
cam3_2009_05_20_04_43\cam3_2009_05_20_04_43_13_828.jpg [332 25 51 128] 
cam3_2009_05_20_04_43\cam3_2009_05_20_04_43_14_234.jpg [350 32 53 133] 
cam3_2009_05_20_04_43\cam3_2009_05_20_04_43_14_625.jpg [349 29 52 131] 
cam3_2009_05_20_04_43\cam3_2009_05_20_04_43_15_046.jpg [352 29 52 131] 
cam3_2009_05_20_04_43\cam3_2009_05_20_04_43_15_484.jpg [347 29 52 131] 
cam3_2009_05_20_04_43\cam3_2009_05_20_04_43_15_890.jpg [338 27 52 130] 
cam3_2009_05_20_04_43\cam3_2009_05_20_04_43_16_296.jpg [324 27 52 130] 
cam3_2009_05_20_04_43\cam3_2009_05_20_04_43_16_687.jpg [318 27 52 130] 
cam3_2009_05_20_04_43\cam3_2009_05_20_04_43_17_093.jpg [316 28 52 130] 
cam3_2009_05_20_04_43\cam3_2009_05_20_04_43_17_500.jpg [317 28 52 130] 
cam3_2009_05_20_04_43\cam3_2009_05_20_04_43_17_890.jpg [320 28 52 130] 
cam3_2009_05_20_04_43\cam3_2009_05_20_04_43_18_296.jpg [334 28 52 130] 
cam3_2009_05_20_04_43\cam3_2009_05_20_04_43_18_687.jpg [335 30 53 132] 
cam3_2009_05_20_04_43\cam3_2009_05_20_04_43_19_093.jpg [341 31 53 132] 
cam3_2009_05_20_04_43\cam3_2009_05_20_04_43_19_484.jpg [346 31 53 132] 
cam3_2009_05_20_04_43\cam3_2009_05_20_04_43_19_890.jpg [352 29 52 131] 
cam3_2009_05_20_04_43\cam3_2009_05_20_04_43_20_296.jpg [354 29 52 131] 
cam3_2009_05_20_04_43\cam3_2009_05_20_04_43_20_734.jpg [354 29 52 131] 
cam3_2009_05_20_04_43\cam3_2009_05_20_04_43_21_140.jpg [354 29 52 131] 
cam3_2009_05_20_04_43\cam3_2009_05_20_04_43_21_546.jpg [354 29 52 131] 
cam3_2009_05_20_04_43\cam3_2009_05_20_04_43_21_953.jpg [354 29 52 131] 
cam3_2009_05_20_04_43\cam3_2009_05_20_04_43_22_343.jpg [348 29 52 131] 
cam3_2009_05_20_04_43\cam3_2009_05_20_04_43_22_750.jpg [348 29 52 131] 
cam3_2009_05_20_04_43\cam3_2009_05_20_04_43_23_140.jpg 
cam3_2009_05_20_04_43\cam3_2009_05_20_04_43_23_546.jpg 
cam3_2009_05_20_04_43\cam3_2009_05_20_04_43_23_953.jpg 
cam3_2009_05_20_04_43\cam3_2009_05_20_04_43_24_359.jpg 
cam3_2009_05_20_04_43\cam3_2009_05_20_04_43_24_765.jpg 
cam3_2009_05_20_04_43\cam3_2009_05_20_04_43_25_156.jpg 
cam3_2009_05_20_04_43\cam3_2009_05_20_04_43_25_562.jpg 
cam3_2009_05_20_04_43\cam3_2009_05_20_04_43_25_953.jpg 
cam3_2009_05_20_04_43\cam3_2009_05_20_04_43_26_359.jpg 
cam3_2009_05_20_04_43\cam3_2009_05_20_04_43_26_750.jpg 
cam3_2009_05_20_04_43\cam3_2009_05_20_04_43_27_171.jpg 
cam3_2009_05_20_04_43\cam3_2009_05_20_04_43_27_578.jpg 
cam3_2009_05_20_04_43\cam3_2009_05_20_04_43_27_968.jpg 
cam3_2009_05_20_04_43\cam3_2009_05_20_04_43_28_375.jpg 
cam3_2009_05_20_04_43\cam3_2009_05_20_04_43_28_765.jpg 
cam3_2009_05_20_04_43\cam3_2009_05_20_04_43_29_171.jpg 
cam3_2009_05_20_04_43\cam3_2009_05_20_04_43_29_578.jpg 
cam3_2009_05_20_04_43\cam3_2009_05_20_04_43_30_000.jpg 
cam3_2009_05_20_04_43\cam3_2009_05_20_04_43_30_406.jpg 
cam3_2009_05_20_04_43\cam3_2009_05_20_04_43_30_812.jpg 
cam3_2009_05_20_04_43\cam3_2009_05_20_04_43_31_218.jpg 
cam3_2009_05_20_04_43\cam3_2009_05_20_04_43_31_609.jpg 
cam3_2009_05_20_04_43\cam3_2009_05_20_04_43_32_015.jpg 
cam3_2009_05_20_04_43\cam3_2009_05_20_04_43_32_406.jpg 
cam3_2009_05_20_04_43\cam3_2009_05_20_04_43_32_812.jpg 
cam3_2009_05_20_04_43\cam3_2009_05_20_04_43_33_234.jpg 
cam3_2009_05_20_04_43\cam3_2009_05_20_04_43_33_640.jpg 
cam3_2009_05_20_04_43\cam3_2009_05_20_04_43_34_031.jpg 
cam3_2009_05_20_04_43\cam3_2009_05_20_04_43_34_437.jpg 
cam3_2009_05_20_04_43\cam3_2009_05_20_04_43_34_843.jpg 
cam3_2009_05_20_04_43\cam3_2009_05_20_04_43_35_234.jpg 
cam3_2009_05_20_04_43\cam3_2009_05_20_04_43_35_640.jpg 
cam3_2009_05_20_04_43\cam3_2009_05_20_04_43_36_046.jpg 
cam3_2009_05_20_04_43\cam3_2009_05_20_04_43_36_453.jpg 
cam3_2009_05_20_04_43\cam3_2009_05_20_04_43_36_859.jpg 
cam3_2009_05_20_04_43\cam3_2009_05_20_04_43_37_250.jpg 
cam3_2009_05_20_04_43\cam3_2009_05_20_04_43_37_656.jpg 
cam3_2009_05_20_04_43\cam3_2009_05_20_04_43_38_046.jpg 
cam3_2009_05_20_04_43\cam3_2009_05_20_04_43_38_453.jpg 
cam3_2009_05_20_04_43\cam3_2009_05_20_04_43_38_859.jpg 
cam3_2009_05_20_04_43\cam3_2009_05_20_04_43_39_250.jpg 
cam3_2009_05_20_04_43\cam3_2009_05_20_04_43_39_656.jpg 
cam3_2009_05_20_04_43\cam3_2009_05_20_04_43_40_046.jpg 
cam3_2009_05_20_04_43\cam3_2009_05_20_04_43_40_453.jpg 
cam3_2009_05_20_04_43\cam3_2009_05_20_04_43_40_859.jpg 
cam3_2009_05_20_04_43\cam3_2009_05_20_04_43_41_250.jpg 
cam3_2009_05_20_04_43\cam3_2009_05_20_04_43_41_656.jpg 
cam3_2009_05_20_04_43\cam3_2009_05_20_04_43_42_093.jpg 
cam3_2009_05_20_04_43\cam3_2009_05_20_04_43_42_484.jpg 
cam3_2009_05_20_04_43\cam3_2009_05_20_04_43_42_875.jpg 
cam3_2009_05_20_04_43\cam3_2009_05_20_04_43_43_281.jpg 
cam3_2009_05_20_04_43\cam3_2009_05_20_04_43_43_671.jpg 
cam3_2009_05_20_04_43\cam3_2009_05_20_04_43_44_078.jpg 
cam3_2009_05_20_04_43\cam3_2009_05_20_04_43_44_484.jpg 
cam3_2009_05_20_04_43\cam3_2009_05_20_04_43_44_890.jpg 
cam3_2009_05_20_04_43\cam3_2009_05_20_04_43_45_296.jpg 
cam3_2009_05_20_04_43\cam3_2009_05_20_04_43_45_734.jpg 
cam3_2009_05_20_04_43\cam3_2009_05_20_04_43_46_140.jpg 
cam3_2009_05_20_04_43\cam3_2009_05_20_04_43_46_531.jpg 
cam3_2009_05_20_04_43\cam3_2009_05_20_04_43_46_937.jpg 
cam3_2009_05_20_04_43\cam3_2009_05_20_04_43_47_328.jpg 
cam3_2009_05_20_04_43\cam3_2009_05_20_04_43_47_734.jpg [337 24 51 127] 
cam3_2009_05_20_04_43\cam3_2009_05_20_04_43_48_156.jpg [347 25 51 128] 
cam3_2009_05_20_04_43\cam3_2009_05_20_04_43_48_531.jpg [354 25 51 128] 
cam3_2009_05_20_04_43\cam3_2009_05_20_04_43_48_937.jpg [356 23 51 127] 
cam3_2009_05_20_04_43\cam3_2009_05_20_04_43_49_328.jpg [356 23 51 127] 
cam3_2009_05_20_04_43\cam3_2009_05_20_04_43_49_734.jpg [356 23 51 127] 
cam3_2009_05_20_04_43\cam3_2009_05_20_04_43_50_125.jpg [357 20 50 125] 
cam3_2009_05_20_04_43\cam3_2009_05_20_04_43_50_578.jpg [357 20 50 125] 
cam3_2009_05_20_04_43\cam3_2009_05_20_04_43_50_968.jpg [357 20 50 125] 
cam3_2009_05_20_04_43\cam3_2009_05_20_04_43_51_406.jpg [357 20 50 125] 
cam3_2009_05_20_04_43\cam3_2009_05_20_04_43_51_781.jpg [357 20 50 125] 
cam3_2009_05_20_04_43\cam3_2009_05_20_04_43_52_187.jpg [357 20 50 125] 
cam3_2009_05_20_04_43\cam3_2009_05_20_04_43_52_593.jpg [361 20 50 125] 
cam3_2009_05_20_04_43\cam3_2009_05_20_04_43_52_984.jpg [361 21 50 125] 
cam3_2009_05_20_04_43\cam3_2009_05_20_04_43_53_406.jpg [367 21 50 125] 
cam3_2009_05_20_04_43\cam3_2009_05_20_04_43_53_781.jpg [371 21 50 125] 
cam3_2009_05_20_04_43\cam3_2009_05_20_04_43_54_203.jpg [371 21 50 125] 
cam3_2009_05_20_04_43\cam3_2009_05_20_04_43_54_593.jpg 
cam3_2009_05_20_04_43\cam3_2009_05_20_04_43_55_000.jpg 
cam3_2009_05_20_04_43\cam3_2009_05_20_04_43_55_406.jpg 
cam3_2009_05_20_04_43\cam3_2009_05_20_04_43_55_796.jpg 
cam3_2009_05_20_04_43\cam3_2009_05_20_04_43_56_203.jpg 
cam3_2009_05_20_04_43\cam3_2009_05_20_04_43_56_593.jpg 
cam3_2009_05_20_04_43\cam3_2009_05_20_04_43_57_000.jpg 
cam3_2009_05_20_04_43\cam3_2009_05_20_04_43_57_406.jpg 
cam3_2009_05_20_04_43\cam3_2009_05_20_04_43_57_812.jpg 
cam3_2009_05_20_04_43\cam3_2009_05_20_04_43_58_218.jpg 
cam3_2009_05_20_04_43\cam3_2009_05_20_04_43_58_609.jpg 
cam3_2009_05_20_04_43\cam3_2009_05_20_04_43_59_015.jpg 
cam3_2009_05_20_04_43\cam3_2009_05_20_04_43_59_406.jpg 
cam3_2009_05_20_04_43\cam3_2009_05_20_04_43_59_812.jpg 
cam3_2009_05_20_04_44\cam3_2009_05_20_04_44_00_281.jpg 
cam3_2009_05_20_04_44\cam3_2009_05_20_04_44_00_687.jpg 
cam3_2009_05_20_04_44\cam3_2009_05_20_04_44_01_093.jpg 
cam3_2009_05_20_04_44\cam3_2009_05_20_04_44_01_484.jpg 
cam3_2009_05_20_04_44\cam3_2009_05_20_04_44_01_890.jpg 
cam3_2009_05_20_04_44\cam3_2009_05_20_04_44_02_296.jpg 
cam3_2009_05_20_04_44\cam3_2009_05_20_04_44_02_687.jpg 
cam3_2009_05_20_04_44\cam3_2009_05_20_04_44_03_093.jpg 
cam3_2009_05_20_04_44\cam3_2009_05_20_04_44_03_484.jpg 
cam3_2009_05_20_04_44\cam3_2009_05_20_04_44_03_890.jpg 
cam3_2009_05_20_04_44\cam3_2009_05_20_04_44_04_296.jpg 
cam3_2009_05_20_04_44\cam3_2009_05_20_04_44_04_687.jpg 
cam3_2009_05_20_04_44\cam3_2009_05_20_04_44_05_093.jpg 
cam3_2009_05_20_04_44\cam3_2009_05_20_04_44_05_531.jpg 
cam3_2009_05_20_04_44\cam3_2009_05_20_04_44_05_937.jpg 
cam3_2009_05_20_04_44\cam3_2009_05_20_04_44_06_343.jpg 
cam3_2009_05_20_04_44\cam3_2009_05_20_04_44_06_734.jpg 
cam3_2009_05_20_04_44\cam3_2009_05_20_04_44_07_125.jpg 
cam3_2009_05_20_04_44\cam3_2009_05_20_04_44_07_531.jpg 
cam3_2009_05_20_04_44\cam3_2009_05_20_04_44_07_937.jpg 
cam3_2009_05_20_04_44\cam3_2009_05_20_04_44_08_328.jpg 
cam3_2009_05_20_04_44\cam3_2009_05_20_04_44_08_734.jpg 
cam3_2009_05_20_04_44\cam3_2009_05_20_04_44_09_125.jpg 
cam3_2009_05_20_04_44\cam3_2009_05_20_04_44_09_531.jpg 
cam3_2009_05_20_04_44\cam3_2009_05_20_04_44_09_937.jpg [355 23 51 127] 
cam3_2009_05_20_04_44\cam3_2009_05_20_04_44_10_328.jpg [353 25 51 128] 
cam3_2009_05_20_04_44\cam3_2009_05_20_04_44_10_765.jpg [351 25 51 128] 
cam3_2009_05_20_04_44\cam3_2009_05_20_04_44_11_171.jpg [346 25 51 128] 
cam3_2009_05_20_04_44\cam3_2009_05_20_04_44_11_578.jpg [350 26 52 129] 
cam3_2009_05_20_04_44\cam3_2009_05_20_04_44_11_968.jpg [353 27 52 130] 
cam3_2009_05_20_04_44\cam3_2009_05_20_04_44_12_375.jpg [356 27 52 130] 
cam3_2009_05_20_04_44\cam3_2009_05_20_04_44_12_765.jpg [361 27 52 130] 
cam3_2009_05_20_04_44\cam3_2009_05_20_04_44_13_171.jpg [363 27 52 130] 
cam3_2009_05_20_04_44\cam3_2009_05_20_04_44_13_578.jpg [363 27 52 130] 
cam3_2009_05_20_04_44\cam3_2009_05_20_04_44_13_968.jpg [365 27 52 130] 
cam3_2009_05_20_04_44\cam3_2009_05_20_04_44_14_375.jpg [368 27 52 130] 
cam3_2009_05_20_04_44\cam3_2009_05_20_04_44_14_765.jpg [368 27 52 130] 
cam3_2009_05_20_04_44\cam3_2009_05_20_04_44_15_171.jpg [368 27 52 130] 
cam3_2009_05_20_04_44\cam3_2009_05_20_04_44_15_625.jpg [365 26 52 129] 
cam3_2009_05_20_04_44\cam3_2009_05_20_04_44_16_031.jpg [372 23 51 127] 
cam3_2009_05_20_04_44\cam3_2009_05_20_04_44_16_421.jpg [378 23 51 127] 
cam3_2009_05_20_04_44\cam3_2009_05_20_04_44_16_828.jpg 
cam3_2009_05_20_04_44\cam3_2009_05_20_04_44_17_234.jpg 
cam3_2009_05_20_04_44\cam3_2009_05_20_04_44_17_625.jpg 
cam3_2009_05_20_04_44\cam3_2009_05_20_04_44_18_031.jpg 
cam3_2009_05_20_04_44\cam3_2009_05_20_04_44_18_421.jpg 
cam3_2009_05_20_04_44\cam3_2009_05_20_04_44_18_843.jpg [323 42 56 140] 
cam3_2009_05_20_04_44\cam3_2009_05_20_04_44_19_234.jpg [344 49 58 145] 
cam3_2009_05_20_04_44\cam3_2009_05_20_04_44_19_640.jpg [345 52 59 147] 
cam3_2009_05_20_04_44\cam3_2009_05_20_04_44_20_046.jpg [351 64 62 156] 
cam3_2009_05_20_04_44\cam3_2009_05_20_04_44_20_437.jpg [356 70 64 160] 
cam3_2009_05_20_04_44\cam3_2009_05_20_04_44_20_843.jpg [375 69 64 160] 
cam3_2009_05_20_04_44\cam3_2009_05_20_04_44_21_234.jpg [418 79 67 167] [369 24 51 127] 
cam3_2009_05_20_04_44\cam3_2009_05_20_04_44_21_656.jpg [462 88 69 173] [358 25 51 128] 
cam3_2009_05_20_04_44\cam3_2009_05_20_04_44_22_046.jpg [501 97 72 180] [356 22 50 126] 
cam3_2009_05_20_04_44\cam3_2009_05_20_04_44_22_453.jpg [541 102 73 183] [360 22 50 126] 
cam3_2009_05_20_04_44\cam3_2009_05_20_04_44_22_859.jpg [589 111 76 190] [365 25 51 128] 
cam3_2009_05_20_04_44\cam3_2009_05_20_04_44_23_250.jpg [630 116 77 193] [369 25 51 128] 
cam3_2009_05_20_04_44\cam3_2009_05_20_04_44_23_656.jpg [646 120 78 196] [380 20 50 125] 
cam3_2009_05_20_04_44\cam3_2009_05_20_04_44_24_046.jpg [381 26 52 129] 
cam3_2009_05_20_04_44\cam3_2009_05_20_04_44_24_453.jpg 
cam3_2009_05_20_04_44\cam3_2009_05_20_04_44_24_859.jpg 
cam3_2009_05_20_04_44\cam3_2009_05_20_04_44_25_250.jpg 
cam3_2009_05_20_04_44\cam3_2009_05_20_04_44_25_687.jpg 
cam3_2009_05_20_04_44\cam3_2009_05_20_04_44_26_093.jpg 
cam3_2009_05_20_04_44\cam3_2009_05_20_04_44_26_484.jpg [318 31 53 132] 
cam3_2009_05_20_04_44\cam3_2009_05_20_04_44_26_890.jpg [338 42 56 140] 
cam3_2009_05_20_04_44\cam3_2009_05_20_04_44_27_296.jpg [346 42 56 140] 
cam3_2009_05_20_04_44\cam3_2009_05_20_04_44_27_703.jpg [347 50 58 146] 
cam3_2009_05_20_04_44\cam3_2009_05_20_04_44_28_109.jpg [353 57 60 151] 
cam3_2009_05_20_04_44\cam3_2009_05_20_04_44_28_515.jpg [360 58 61 152] 
cam3_2009_05_20_04_44\cam3_2009_05_20_04_44_28_906.jpg [366 63 62 155] 
cam3_2009_05_20_04_44\cam3_2009_05_20_04_44_29_312.jpg [388 78 66 166] 
cam3_2009_05_20_04_44\cam3_2009_05_20_04_44_29_718.jpg [416 79 67 167] 
cam3_2009_05_20_04_44\cam3_2009_05_20_04_44_30_109.jpg [452 85 68 171] 
cam3_2009_05_20_04_44\cam3_2009_05_20_04_44_30_515.jpg [490 90 70 175] 
cam3_2009_05_20_04_44\cam3_2009_05_20_04_44_30_921.jpg [530 94 71 177] 
cam3_2009_05_20_04_44\cam3_2009_05_20_04_44_31_328.jpg [570 98 72 180] 
cam3_2009_05_20_04_44\cam3_2009_05_20_04_44_31_718.jpg [602 102 73 183] 
cam3_2009_05_20_04_44\cam3_2009_05_20_04_44_32_125.jpg [641 99 72 181] 
cam3_2009_05_20_04_44\cam3_2009_05_20_04_44_32_515.jpg 
cam3_2009_05_20_04_44\cam3_2009_05_20_04_44_32_921.jpg 
cam3_2009_05_20_04_44\cam3_2009_05_20_04_44_33_312.jpg 
cam3_2009_05_20_04_44\cam3_2009_05_20_04_44_33_765.jpg 
cam3_2009_05_20_04_44\cam3_2009_05_20_04_44_34_171.jpg 
cam3_2009_05_20_04_44\cam3_2009_05_20_04_44_34_578.jpg 
cam3_2009_05_20_04_44\cam3_2009_05_20_04_44_34_968.jpg 
cam3_2009_05_20_04_44\cam3_2009_05_20_04_44_35_406.jpg 
cam3_2009_05_20_04_44\cam3_2009_05_20_04_44_35_812.jpg 
cam3_2009_05_20_04_44\cam3_2009_05_20_04_44_36_218.jpg 
cam3_2009_05_20_04_44\cam3_2009_05_20_04_44_36_609.jpg 
cam3_2009_05_20_04_44\cam3_2009_05_20_04_44_37_015.jpg 
cam3_2009_05_20_04_44\cam3_2009_05_20_04_44_37_406.jpg 
cam3_2009_05_20_04_44\cam3_2009_05_20_04_44_37_812.jpg 
cam3_2009_05_20_04_44\cam3_2009_05_20_04_44_38_218.jpg 
cam3_2009_05_20_04_44\cam3_2009_05_20_04_44_38_609.jpg 
cam3_2009_05_20_04_44\cam3_2009_05_20_04_44_39_015.jpg 
cam3_2009_05_20_04_44\cam3_2009_05_20_04_44_39_406.jpg 
cam3_2009_05_20_04_44\cam3_2009_05_20_04_44_39_828.jpg 
cam3_2009_05_20_04_44\cam3_2009_05_20_04_44_40_234.jpg 
cam3_2009_05_20_04_44\cam3_2009_05_20_04_44_40_640.jpg 
cam3_2009_05_20_04_44\cam3_2009_05_20_04_44_41_031.jpg 
cam3_2009_05_20_04_44\cam3_2009_05_20_04_44_41_421.jpg 
cam3_2009_05_20_04_44\cam3_2009_05_20_04_44_41_828.jpg 
cam3_2009_05_20_04_44\cam3_2009_05_20_04_44_42_234.jpg 
cam3_2009_05_20_04_44\cam3_2009_05_20_04_44_42_625.jpg 
cam3_2009_05_20_04_44\cam3_2009_05_20_04_44_43_046.jpg 
cam3_2009_05_20_04_44\cam3_2009_05_20_04_44_43_437.jpg 
cam3_2009_05_20_04_44\cam3_2009_05_20_04_44_43_843.jpg 
cam3_2009_05_20_04_44\cam3_2009_05_20_04_44_44_234.jpg 
cam3_2009_05_20_04_44\cam3_2009_05_20_04_44_44_640.jpg [332 30 53 132] 
cam3_2009_05_20_04_44\cam3_2009_05_20_04_44_45_046.jpg [343 33 54 134] 
cam3_2009_05_20_04_44\cam3_2009_05_20_04_44_45_437.jpg [346 33 54 134] 
cam3_2009_05_20_04_44\cam3_2009_05_20_04_44_45_859.jpg [347 34 54 135] 
cam3_2009_05_20_04_44\cam3_2009_05_20_04_44_46_250.jpg [350 34 54 135] 
cam3_2009_05_20_04_44\cam3_2009_05_20_04_44_46_656.jpg [351 32 53 133] 
cam3_2009_05_20_04_44\cam3_2009_05_20_04_44_47_046.jpg [347 32 53 133] 
cam3_2009_05_20_04_44\cam3_2009_05_20_04_44_47_453.jpg [338 32 53 133] 
cam3_2009_05_20_04_44\cam3_2009_05_20_04_44_47_843.jpg [324 28 52 130] 
cam3_2009_05_20_04_44\cam3_2009_05_20_04_44_48_250.jpg [331 35 54 135] 
cam3_2009_05_20_04_44\cam3_2009_05_20_04_44_48_656.jpg [337 38 55 137] 
cam3_2009_05_20_04_44\cam3_2009_05_20_04_44_49_046.jpg [349 39 55 138] 
cam3_2009_05_20_04_44\cam3_2009_05_20_04_44_49_453.jpg [365 44 57 142] 
cam3_2009_05_20_04_44\cam3_2009_05_20_04_44_49_859.jpg [363 45 57 142] 
cam3_2009_05_20_04_44\cam3_2009_05_20_04_44_50_250.jpg [365 45 57 142] 
cam3_2009_05_20_04_44\cam3_2009_05_20_04_44_50_687.jpg [359 42 56 140] 
cam3_2009_05_20_04_44\cam3_2009_05_20_04_44_51_093.jpg [362 42 56 140] 
cam3_2009_05_20_04_44\cam3_2009_05_20_04_44_51_484.jpg [363 42 56 140] 
cam3_2009_05_20_04_44\cam3_2009_05_20_04_44_51_921.jpg [363 39 55 138] 
cam3_2009_05_20_04_44\cam3_2009_05_20_04_44_52_312.jpg [350 39 55 138] 
cam3_2009_05_20_04_44\cam3_2009_05_20_04_44_52_703.jpg [348 39 55 138] 
cam3_2009_05_20_04_44\cam3_2009_05_20_04_44_53_109.jpg [347 39 55 138] 
cam3_2009_05_20_04_44\cam3_2009_05_20_04_44_53_500.jpg [351 39 55 138] 
cam3_2009_05_20_04_44\cam3_2009_05_20_04_44_53_906.jpg [355 39 55 138] 
cam3_2009_05_20_04_44\cam3_2009_05_20_04_44_54_312.jpg [360 39 55 138] 
cam3_2009_05_20_04_44\cam3_2009_05_20_04_44_54_703.jpg [364 43 56 141] 
cam3_2009_05_20_04_44\cam3_2009_05_20_04_44_55_125.jpg [374 42 56 140] 
cam3_2009_05_20_04_44\cam3_2009_05_20_04_44_55_515.jpg [392 40 56 139] 
cam3_2009_05_20_04_44\cam3_2009_05_20_04_44_55_921.jpg [405 39 55 138] 
cam3_2009_05_20_04_44\cam3_2009_05_20_04_44_56_312.jpg [422 39 55 138] 
cam3_2009_05_20_04_44\cam3_2009_05_20_04_44_56_718.jpg [427 39 55 138] 
cam3_2009_05_20_04_44\cam3_2009_05_20_04_44_57_125.jpg [430 39 55 138] 
cam3_2009_05_20_04_44\cam3_2009_05_20_04_44_57_515.jpg [430 39 55 138] 
cam3_2009_05_20_04_44\cam3_2009_05_20_04_44_57_937.jpg [430 39 55 138] 
cam3_2009_05_20_04_44\cam3_2009_05_20_04_44_58_328.jpg [432 41 56 140] 
cam3_2009_05_20_04_44\cam3_2009_05_20_04_44_58_734.jpg [432 41 56 140] 
cam3_2009_05_20_04_44\cam3_2009_05_20_04_44_59_125.jpg [432 41 56 140] 
cam3_2009_05_20_04_44\cam3_2009_05_20_04_44_59_578.jpg [432 41 56 140] 
cam3_2009_05_20_04_44\cam3_2009_05_20_04_44_59_968.jpg [432 41 56 140] 
cam3_2009_05_20_04_45\cam3_2009_05_20_04_45_00_453.jpg [424 37 55 137] 
cam3_2009_05_20_04_45\cam3_2009_05_20_04_45_00_843.jpg [424 37 55 137] 
cam3_2009_05_20_04_45\cam3_2009_05_20_04_45_01_250.jpg [424 37 55 137] 
cam3_2009_05_20_04_45\cam3_2009_05_20_04_45_01_656.jpg [424 37 55 137] 
cam3_2009_05_20_04_45\cam3_2009_05_20_04_45_02_046.jpg [424 37 55 137] 
cam3_2009_05_20_04_45\cam3_2009_05_20_04_45_02_453.jpg [424 37 55 137] 
cam3_2009_05_20_04_45\cam3_2009_05_20_04_45_02_843.jpg [424 37 55 137] 
cam3_2009_05_20_04_45\cam3_2009_05_20_04_45_03_250.jpg [424 38 55 137] 
cam3_2009_05_20_04_45\cam3_2009_05_20_04_45_03_656.jpg [425 39 55 138] 
cam3_2009_05_20_04_45\cam3_2009_05_20_04_45_04_062.jpg [425 39 55 138] 
cam3_2009_05_20_04_45\cam3_2009_05_20_04_45_04_468.jpg [424 42 56 140] 
cam3_2009_05_20_04_45\cam3_2009_05_20_04_45_04_875.jpg [424 42 56 140] 
cam3_2009_05_20_04_45\cam3_2009_05_20_04_45_05_265.jpg [424 42 56 140] [650 66 63 157] 
cam3_2009_05_20_04_45\cam3_2009_05_20_04_45_05_671.jpg [648 67 63 158] [428 45 57 142] 
cam3_2009_05_20_04_45\cam3_2009_05_20_04_45_06_062.jpg [428 45 57 142] [661 68 64 159] 
cam3_2009_05_20_04_45\cam3_2009_05_20_04_45_06_468.jpg [426 44 57 142] [653 66 63 157] 
cam3_2009_05_20_04_45\cam3_2009_05_20_04_45_06_859.jpg [653 66 63 157] 
cam3_2009_05_20_04_45\cam3_2009_05_20_04_45_07_281.jpg [425 47 58 144] [659 68 64 159] 
cam3_2009_05_20_04_45\cam3_2009_05_20_04_45_07_671.jpg [426 46 57 143] [665 68 64 159] 
cam3_2009_05_20_04_45\cam3_2009_05_20_04_45_08_078.jpg [426 47 58 144] [666 68 64 159] 
cam3_2009_05_20_04_45\cam3_2009_05_20_04_45_08_484.jpg [428 46 57 143] [663 68 64 159] 
cam3_2009_05_20_04_45\cam3_2009_05_20_04_45_08_875.jpg [423 47 58 144] [661 71 64 161] 
cam3_2009_05_20_04_45\cam3_2009_05_20_04_45_09_281.jpg [423 45 57 142] [665 85 68 171] 
cam3_2009_05_20_04_45\cam3_2009_05_20_04_45_09_671.jpg [424 45 57 142] [662 81 67 168] 
cam3_2009_05_20_04_45\cam3_2009_05_20_04_45_10_125.jpg [429 46 57 143] [665 89 70 174] 
cam3_2009_05_20_04_45\cam3_2009_05_20_04_45_10_578.jpg [424 48 58 145] 
cam3_2009_05_20_04_45\cam3_2009_05_20_04_45_10_968.jpg [427 50 58 146] 
cam3_2009_05_20_04_45\cam3_2009_05_20_04_45_11_375.jpg [424 47 58 144] 
cam3_2009_05_20_04_45\cam3_2009_05_20_04_45_11_765.jpg [424 47 58 144] 
cam3_2009_05_20_04_45\cam3_2009_05_20_04_45_12_171.jpg [424 47 58 144] 
cam3_2009_05_20_04_45\cam3_2009_05_20_04_45_12_578.jpg [424 47 58 144] 
cam3_2009_05_20_04_45\cam3_2009_05_20_04_45_12_968.jpg [424 47 58 144] 
cam3_2009_05_20_04_45\cam3_2009_05_20_04_45_13_375.jpg [424 48 58 145] 
cam3_2009_05_20_04_45\cam3_2009_05_20_04_45_13_765.jpg [424 47 58 144] 
cam3_2009_05_20_04_45\cam3_2009_05_20_04_45_14_171.jpg [424 47 58 144] 
cam3_2009_05_20_04_45\cam3_2009_05_20_04_45_14_578.jpg [424 47 58 144] 
cam3_2009_05_20_04_45\cam3_2009_05_20_04_45_14_968.jpg [422 47 58 144] 
cam3_2009_05_20_04_45\cam3_2009_05_20_04_45_15_406.jpg [407 45 57 142] 
cam3_2009_05_20_04_45\cam3_2009_05_20_04_45_15_812.jpg [390 45 57 142] 
cam3_2009_05_20_04_45\cam3_2009_05_20_04_45_16_234.jpg [382 45 57 142] 
cam3_2009_05_20_04_45\cam3_2009_05_20_04_45_16_640.jpg [373 45 57 142] 
cam3_2009_05_20_04_45\cam3_2009_05_20_04_45_17_031.jpg [373 45 57 142] 
cam3_2009_05_20_04_45\cam3_2009_05_20_04_45_17_437.jpg [359 43 56 141] 
cam3_2009_05_20_04_45\cam3_2009_05_20_04_45_17_828.jpg [354 43 56 141] 
cam3_2009_05_20_04_45\cam3_2009_05_20_04_45_18_234.jpg [352 43 56 141] 
cam3_2009_05_20_04_45\cam3_2009_05_20_04_45_18_640.jpg [361 43 56 141] 
cam3_2009_05_20_04_45\cam3_2009_05_20_04_45_19_078.jpg [354 43 56 141] 
cam3_2009_05_20_04_45\cam3_2009_05_20_04_45_19_453.jpg [348 43 56 141] 
cam3_2009_05_20_04_45\cam3_2009_05_20_04_45_19_843.jpg [341 44 57 142] 
cam3_2009_05_20_04_45\cam3_2009_05_20_04_45_20_250.jpg [344 44 57 142] 
cam3_2009_05_20_04_45\cam3_2009_05_20_04_45_20_656.jpg [343 43 56 141] 
cam3_2009_05_20_04_45\cam3_2009_05_20_04_45_21_046.jpg [343 43 56 141] 
cam3_2009_05_20_04_45\cam3_2009_05_20_04_45_21_453.jpg [353 46 57 143] 
cam3_2009_05_20_04_45\cam3_2009_05_20_04_45_21_843.jpg [364 47 58 144] 
cam3_2009_05_20_04_45\cam3_2009_05_20_04_45_22_250.jpg [370 48 58 145] 
cam3_2009_05_20_04_45\cam3_2009_05_20_04_45_22_656.jpg [385 46 57 143] 
cam3_2009_05_20_04_45\cam3_2009_05_20_04_45_23_046.jpg [406 45 57 142] 
cam3_2009_05_20_04_45\cam3_2009_05_20_04_45_23_453.jpg [413 44 57 142] 
cam3_2009_05_20_04_45\cam3_2009_05_20_04_45_23_890.jpg [414 44 57 142] 
cam3_2009_05_20_04_45\cam3_2009_05_20_04_45_24_296.jpg [414 44 57 142] 
cam3_2009_05_20_04_45\cam3_2009_05_20_04_45_24_734.jpg [414 44 57 142] 
cam3_2009_05_20_04_45\cam3_2009_05_20_04_45_25_140.jpg [416 44 57 142] 
cam3_2009_05_20_04_45\cam3_2009_05_20_04_45_25_546.jpg [416 44 57 142] 
cam3_2009_05_20_04_45\cam3_2009_05_20_04_45_25_953.jpg [416 44 57 142] 
cam3_2009_05_20_04_45\cam3_2009_05_20_04_45_26_359.jpg [416 44 57 142] 
cam3_2009_05_20_04_45\cam3_2009_05_20_04_45_26_750.jpg [416 44 57 142] 
cam3_2009_05_20_04_45\cam3_2009_05_20_04_45_27_140.jpg [418 44 57 142] 
cam3_2009_05_20_04_45\cam3_2009_05_20_04_45_27_546.jpg [418 44 57 142] 
cam3_2009_05_20_04_45\cam3_2009_05_20_04_45_27_953.jpg [418 44 57 142] 
cam3_2009_05_20_04_45\cam3_2009_05_20_04_45_28_359.jpg [418 44 57 142] 
cam3_2009_05_20_04_45\cam3_2009_05_20_04_45_28_765.jpg [418 44 57 142] 
cam3_2009_05_20_04_45\cam3_2009_05_20_04_45_29_156.jpg [426 44 57 142] 
cam3_2009_05_20_04_45\cam3_2009_05_20_04_45_29_562.jpg [433 48 58 145] 
cam3_2009_05_20_04_45\cam3_2009_05_20_04_45_29_953.jpg [429 45 57 142] 
cam3_2009_05_20_04_45\cam3_2009_05_20_04_45_30_359.jpg [427 45 57 142] 
cam3_2009_05_20_04_45\cam3_2009_05_20_04_45_30_765.jpg [427 45 57 142] 
cam3_2009_05_20_04_45\cam3_2009_05_20_04_45_31_187.jpg [407 42 56 140] 
cam3_2009_05_20_04_45\cam3_2009_05_20_04_45_31_578.jpg [387 40 56 139] 
cam3_2009_05_20_04_45\cam3_2009_05_20_04_45_31_968.jpg [383 44 57 142] 
cam3_2009_05_20_04_45\cam3_2009_05_20_04_45_32_375.jpg [372 44 57 142] 
cam3_2009_05_20_04_45\cam3_2009_05_20_04_45_32_765.jpg [356 44 57 142] 
cam3_2009_05_20_04_45\cam3_2009_05_20_04_45_33_171.jpg [339 42 56 140] 
cam3_2009_05_20_04_45\cam3_2009_05_20_04_45_33_562.jpg [326 42 56 140] 
cam3_2009_05_20_04_45\cam3_2009_05_20_04_45_33_968.jpg [323 42 56 140] 
cam3_2009_05_20_04_45\cam3_2009_05_20_04_45_34_390.jpg [308 39 55 138] 
cam3_2009_05_20_04_45\cam3_2009_05_20_04_45_34_781.jpg [302 37 55 137] 
cam3_2009_05_20_04_45\cam3_2009_05_20_04_45_35_187.jpg [284 39 55 138] 
cam3_2009_05_20_04_45\cam3_2009_05_20_04_45_35_593.jpg [272 42 56 140] 
cam3_2009_05_20_04_45\cam3_2009_05_20_04_45_35_984.jpg [269 43 56 141] 
cam3_2009_05_20_04_45\cam3_2009_05_20_04_45_36_390.jpg [285 44 57 142] 
cam3_2009_05_20_04_45\cam3_2009_05_20_04_45_36_781.jpg [292 45 57 142] 
cam3_2009_05_20_04_45\cam3_2009_05_20_04_45_37_187.jpg [301 44 57 142] 
cam3_2009_05_20_04_45\cam3_2009_05_20_04_45_37_593.jpg [320 44 57 142] 
cam3_2009_05_20_04_45\cam3_2009_05_20_04_45_38_000.jpg [346 44 57 142] 
cam3_2009_05_20_04_45\cam3_2009_05_20_04_45_38_406.jpg [356 48 58 145] 
cam3_2009_05_20_04_45\cam3_2009_05_20_04_45_38_796.jpg [364 47 58 144] 
cam3_2009_05_20_04_45\cam3_2009_05_20_04_45_39_203.jpg [369 48 58 145] 
cam3_2009_05_20_04_45\cam3_2009_05_20_04_45_39_609.jpg [384 46 57 143] 
cam3_2009_05_20_04_45\cam3_2009_05_20_04_45_40_000.jpg [386 47 58 144] 
cam3_2009_05_20_04_45\cam3_2009_05_20_04_45_40_406.jpg [386 47 58 144] 
cam3_2009_05_20_04_45\cam3_2009_05_20_04_45_40_812.jpg [390 47 58 144] 
cam3_2009_05_20_04_45\cam3_2009_05_20_04_45_41_218.jpg [390 47 58 144] 
cam3_2009_05_20_04_45\cam3_2009_05_20_04_45_41_609.jpg [390 47 58 144] 
cam3_2009_05_20_04_45\cam3_2009_05_20_04_45_42_015.jpg [390 47 58 144] 
cam3_2009_05_20_04_45\cam3_2009_05_20_04_45_42_406.jpg [390 47 58 144] 
cam3_2009_05_20_04_45\cam3_2009_05_20_04_45_42_812.jpg [390 47 58 144] 
cam3_2009_05_20_04_45\cam3_2009_05_20_04_45_43_218.jpg [390 47 58 144] 
cam3_2009_05_20_04_45\cam3_2009_05_20_04_45_43_625.jpg [390 47 58 144] 
cam3_2009_05_20_04_45\cam3_2009_05_20_04_45_44_031.jpg [390 47 58 144] 
cam3_2009_05_20_04_45\cam3_2009_05_20_04_45_44_421.jpg [390 47 58 144] 
cam3_2009_05_20_04_45\cam3_2009_05_20_04_45_44_828.jpg [390 47 58 144] 
cam3_2009_05_20_04_45\cam3_2009_05_20_04_45_45_218.jpg [390 47 58 144] 
cam3_2009_05_20_04_45\cam3_2009_05_20_04_45_45_625.jpg [648 107 75 187] [382 40 56 139] 
cam3_2009_05_20_04_45\cam3_2009_05_20_04_45_46_031.jpg [381 42 56 140] [626 103 74 184] 
cam3_2009_05_20_04_45\cam3_2009_05_20_04_45_46_437.jpg [607 104 74 185] [380 46 57 143] 
cam3_2009_05_20_04_45\cam3_2009_05_20_04_45_46_843.jpg [376 46 57 143] [586 107 75 187] 
cam3_2009_05_20_04_45\cam3_2009_05_20_04_45_47_265.jpg [560 108 75 187] [377 53 59 148] 
cam3_2009_05_20_04_45\cam3_2009_05_20_04_45_47_640.jpg [379 49 58 145] [542 117 78 194] 
cam3_2009_05_20_04_45\cam3_2009_05_20_04_45_48_046.jpg [521 115 77 192] [373 49 58 145] 
cam3_2009_05_20_04_45\cam3_2009_05_20_04_45_48_437.jpg [373 49 58 145] [500 112 76 190] [643 93 71 177] 
cam3_2009_05_20_04_45\cam3_2009_05_20_04_45_48_843.jpg [618 89 70 174] [486 108 75 187] [374 48 58 145] 
cam3_2009_05_20_04_45\cam3_2009_05_20_04_45_49_234.jpg [375 47 58 144] [466 100 73 182] [607 86 69 172] 
cam3_2009_05_20_04_45\cam3_2009_05_20_04_45_49_656.jpg [606 78 66 166] [461 96 72 179] [376 50 58 146] 
cam3_2009_05_20_04_45\cam3_2009_05_20_04_45_50_046.jpg [376 50 58 146] [462 91 70 175] [611 80 67 167] 
cam3_2009_05_20_04_45\cam3_2009_05_20_04_45_50_453.jpg [609 81 67 168] [466 83 68 170] [372 49 58 145] 
cam3_2009_05_20_04_45\cam3_2009_05_20_04_45_50_843.jpg [373 49 58 145] [456 79 67 167] [600 81 67 168] 
cam3_2009_05_20_04_45\cam3_2009_05_20_04_45_51_250.jpg [590 78 66 166] [469 76 66 165] [377 52 59 147] 
cam3_2009_05_20_04_45\cam3_2009_05_20_04_45_51_656.jpg [376 51 59 147] [471 71 64 161] [591 74 65 163] 
cam3_2009_05_20_04_45\cam3_2009_05_20_04_45_52_046.jpg [584 75 66 164] 
cam3_2009_05_20_04_45\cam3_2009_05_20_04_45_52_468.jpg [456 73 65 162] [378 45 57 142] [576 70 64 160] 
cam3_2009_05_20_04_45\cam3_2009_05_20_04_45_52_859.jpg [573 68 64 159] [461 71 64 161] [375 42 56 140] 
cam3_2009_05_20_04_45\cam3_2009_05_20_04_45_53_265.jpg [375 43 56 141] [454 75 66 164] [573 66 63 157] 
cam3_2009_05_20_04_45\cam3_2009_05_20_04_45_53_671.jpg [565 59 61 152] [461 75 66 164] [375 44 57 142] 
cam3_2009_05_20_04_45\cam3_2009_05_20_04_45_54_062.jpg [375 44 57 142] [462 73 65 162] [571 71 64 161] 
cam3_2009_05_20_04_45\cam3_2009_05_20_04_45_54_468.jpg [565 68 64 159] [463 76 66 165] [374 51 59 147] 
cam3_2009_05_20_04_45\cam3_2009_05_20_04_45_54_859.jpg [375 49 58 145] [464 75 66 164] [571 69 64 160] 
cam3_2009_05_20_04_45\cam3_2009_05_20_04_45_55_265.jpg [572 64 62 156] [471 77 66 165] [374 51 59 147] 
cam3_2009_05_20_04_45\cam3_2009_05_20_04_45_55_687.jpg [377 49 58 145] [460 76 66 165] [570 72 65 162] 
cam3_2009_05_20_04_45\cam3_2009_05_20_04_45_56_078.jpg [569 62 62 155] [463 82 68 169] [374 47 58 144] 
cam3_2009_05_20_04_45\cam3_2009_05_20_04_45_56_484.jpg [374 43 56 141] [475 87 69 172] [570 64 62 156] 
cam3_2009_05_20_04_45\cam3_2009_05_20_04_45_56_875.jpg [562 66 63 157] [496 84 68 170] [359 43 56 141] 
cam3_2009_05_20_04_45\cam3_2009_05_20_04_45_57_281.jpg [356 43 56 141] [493 83 68 170] [572 65 63 157] 
cam3_2009_05_20_04_45\cam3_2009_05_20_04_45_57_671.jpg [577 57 60 151] [508 85 68 171] [359 48 58 145] 
cam3_2009_05_20_04_45\cam3_2009_05_20_04_45_58_078.jpg [345 49 58 145] [502 81 67 168] [587 67 63 158] 
cam3_2009_05_20_04_45\cam3_2009_05_20_04_45_58_484.jpg [586 63 62 155] [504 80 67 167] [330 50 58 146] 
cam3_2009_05_20_04_45\cam3_2009_05_20_04_45_58_875.jpg [331 43 56 141] [500 83 68 170] [585 56 60 150] 
cam3_2009_05_20_04_45\cam3_2009_05_20_04_45_59_281.jpg [586 54 60 149] [504 81 67 168] [336 47 58 144] 
cam3_2009_05_20_04_45\cam3_2009_05_20_04_45_59_687.jpg [339 49 58 145] [504 76 66 165] [583 59 61 152] 
cam3_2009_05_20_04_46\cam3_2009_05_20_04_46_00_125.jpg [566 59 61 152] [503 82 68 169] [340 47 58 144] [339 52 59 147] 
cam3_2009_05_20_04_46\cam3_2009_05_20_04_46_00_515.jpg [348 50 58 146] [500 78 66 166] [548 66 63 157] 
cam3_2009_05_20_04_46\cam3_2009_05_20_04_46_00_921.jpg [545 66 63 157] [504 80 67 167] [353 54 60 149] 
cam3_2009_05_20_04_46\cam3_2009_05_20_04_46_01_312.jpg [350 50 58 146] [508 83 68 170] [544 69 64 160] 
cam3_2009_05_20_04_46\cam3_2009_05_20_04_46_01_734.jpg [545 64 62 156] [506 84 68 170] [347 46 57 143] 
cam3_2009_05_20_04_46\cam3_2009_05_20_04_46_02_125.jpg [350 50 58 146] [508 85 68 171] [544 71 64 161] 
cam3_2009_05_20_04_46\cam3_2009_05_20_04_46_02_531.jpg [545 67 63 158] [509 84 68 170] [351 48 58 145] 
cam3_2009_05_20_04_46\cam3_2009_05_20_04_46_02_937.jpg [347 46 57 143] [501 81 67 168] [544 71 64 161] 
cam3_2009_05_20_04_46\cam3_2009_05_20_04_46_03_328.jpg [544 68 64 159] [504 83 68 170] [350 47 58 144] 
cam3_2009_05_20_04_46\cam3_2009_05_20_04_46_03_734.jpg [349 47 58 144] [502 81 67 168] [543 67 63 158] 
cam3_2009_05_20_04_46\cam3_2009_05_20_04_46_04_125.jpg [542 67 63 158] [503 81 67 168] [350 44 57 142] 
